,Bids,Asks
0,,
1,998.0,1002.0
2,997.8,1001.8
3,997.6,1001.6
4,997.4,1006.4
5,1002.3,1006.3
6,1000.6,1005.6
7,1000.6,1007.6
8,1004.0,1010.0
9,1006.0,1010.0
10,1006.0,1010.0
11,1003.7,1009.7
12,1003.4,1007.4
13,998.4,1007.4
14,998.4,1002.4
15,998.4,1002.4
16,997.0,1002.0
17,996.4,1000.4
18,996.3,1000.3
19,996.3,1001.3
20,997.7,1001.7
21,997.7,1001.7
22,997.2,1001.2
23,996.2,1001.2
24,995.0,1000.0
25,995.0,999.0
26,994.8,998.8
27,994.5,998.5
28,994.5,998.5
29,993.3,998.3
30,992.6,996.6
31,993.6,997.6
32,993.6,998.6
33,994.9,999.9
34,995.8,999.8
35,990.0,999.0
36,987.4,993.4
37,987.4,991.4
38,987.4,991.4
39,986.4,991.4
40,986.4,993.4
41,989.4,993.4
42,989.4,993.4
43,989.0,993.0
44,989.0,993.0
45,989.0,993.0
46,989.0,993.0
47,989.3,994.3
48,991.2,995.2
49,991.4,998.4
50,994.2,1000.2
51,996.7,1000.7
52,997.2,1003.2
53,997.3,1003.3
54,997.0,1004.0
55,1000.2,1004.2
56,1000.2,1005.2
57,1001.0,1005.0
58,1000.2,1005.2
59,999.6,1003.6
60,999.7,1003.7
61,999.5,1006.5
62,1002.7,1006.7
63,1003.1,1008.1
64,1004.2,1008.2
65,998.4,1007.4
66,997.9,1001.9
67,997.9,1005.9
68,1002.7,1006.7
69,1002.8,1006.8
70,1002.8,1008.8
71,1005.2,1009.2
72,1005.4,1009.4
73,1005.4,1009.4
74,1002.9,1008.9
75,1002.1,1006.1
76,1002.4,1006.4
77,1002.4,1006.4
78,1001.8,1006.8
79,1001.4,1005.4
80,1002.4,1006.4
81,1002.3,1006.3
82,1001.8,1005.8
83,1001.0,1005.0
84,1000.2,1005.2
85,999.3,1003.3
86,999.3,1003.3
87,999.8,1003.8
88,1000.4,1004.4
89,1000.7,1005.7
90,1001.8,1006.8
91,1003.3,1008.3
92,1004.4,1009.4
93,1005.5,1009.5
94,1004.2,1010.2
95,1003.8,1007.8
96,1003.9,1007.9
97,1003.5,1007.5
98,1002.0,1008.0
99,1002.4,1006.4
100,1002.4,1006.4
101,1002.8,1006.8
102,1002.9,1008.9
103,1003.2,1009.2
104,1002.2,1007.2
105,1002.6,1007.6
106,1002.2,1006.2
107,1002.1,1007.1
108,1003.2,1007.2
109,1002.9,1006.9
110,1002.9,1006.9
111,1003.1,1007.1
112,1003.5,1007.5
113,1002.6,1006.6
114,999.8,1006.8
115,999.6,1003.6
116,998.4,1004.4
117,999.0,1006.0
118,1002.6,1006.6
119,999.9,1005.9
120,998.6,1003.6
121,998.4,1003.4
122,999.2,1004.2
123,996.6,1002.6
124,996.0,1000.0
125,995.1,999.1
126,995.0,1000.0
127,996.8,1002.8
128,999.1,1004.1
129,1000.4,1004.4
130,1000.6,1004.6
131,1000.4,1004.4
132,999.9,1005.9
133,1002.5,1006.5
134,1002.0,1006.0
135,997.4,1005.4
136,996.9,1001.9
137,998.8,1002.8
138,999.1,1004.1
139,1000.8,1008.8
140,1005.4,1009.4
141,1005.8,1009.8
142,1005.8,1011.8
143,1008.4,1012.4
144,1008.4,1012.4
145,1008.4,1012.4
146,1007.4,1012.4
147,1006.3,1011.3
148,1005.8,1009.8
149,1005.8,1009.8
150,1006.6,1010.6
151,1006.2,1010.2
152,1005.7,1009.7
153,1005.4,1010.4
154,1006.8,1010.8
155,1006.8,1010.8
156,1006.8,1010.8
157,1006.0,1011.0
158,1005.8,1009.8
159,1006.0,1010.0
160,1003.0,1010.0
161,1001.4,1006.4
162,1001.4,1005.4
163,1000.8,1005.8
164,1002.5,1006.5
165,1002.0,1006.0
166,1002.5,1006.5
167,1002.8,1006.8
168,1002.6,1006.6
169,1002.6,1006.6
170,1002.8,1006.8
171,1002.8,1006.8
172,1002.4,1007.4
173,998.1,1006.1
174,994.8,1001.8
175,994.6,998.6
176,993.2,998.2
177,992.4,996.4
178,993.3,1000.3
179,995.7,1000.7
180,994.8,998.8
181,992.9,997.9
182,992.4,996.4
183,992.0,996.0
184,992.1,996.1
185,993.0,998.0
186,994.8,1002.8
187,999.2,1003.2
188,997.8,1002.8
189,997.8,1001.8
190,997.4,1001.4
191,997.6,1001.6
192,997.6,1001.6
193,996.8,1001.8
194,996.3,1001.3
195,997.5,1002.5
196,998.8,1005.8
197,1002.0,1006.0
198,1001.4,1006.4
199,1002.4,1006.4
200,1002.5,1008.5
201,1005.4,1009.4
202,1005.4,1009.4
203,1006.0,1010.0
204,1006.8,1010.8
205,1006.6,1012.6
206,1009.0,1013.0
207,1008.4,1012.4
208,1008.0,1012.0
209,1008.0,1013.0
210,1009.6,1013.6
211,1008.9,1012.9
212,1009.8,1013.8
213,1009.3,1013.3
214,1009.0,1013.0
215,1006.5,1013.5
216,1006.5,1010.5
217,1006.5,1010.5
218,1004.5,1010.5
219,1004.3,1009.3
220,1005.9,1009.9
221,1005.0,1009.0
222,1005.0,1013.0
223,1009.4,1013.4
224,1009.6,1013.6
225,1008.8,1012.8
226,1009.1,1016.1
227,1012.8,1016.8
228,1012.2,1016.2
229,1012.1,1016.1
230,1012.9,1017.9
231,1013.5,1018.5
232,1013.5,1017.5
233,1013.5,1018.5
234,1013.5,1018.5
235,1013.2,1017.2
236,1014.0,1019.0
237,1015.0,1021.0
238,1017.4,1021.4
239,1015.6,1020.6
240,1015.4,1020.4
241,1016.8,1020.8
242,1016.7,1020.7
243,1015.8,1019.8
244,1015.8,1019.8
245,1015.0,1019.0
246,1014.4,1018.4
247,1013.6,1018.6
248,1014.3,1019.3
249,1012.6,1017.6
250,1012.0,1017.0
251,1013.2,1017.2
252,1013.1,1017.1
253,1013.4,1017.4
254,1013.5,1017.5
255,1014.1,1018.1
256,1014.1,1018.1
257,1014.1,1018.1
258,1013.2,1017.2
259,1012.2,1017.2
260,1011.4,1015.4
261,1011.0,1015.0
262,1010.7,1014.7
263,1009.8,1013.8
264,1009.7,1013.7
265,1009.7,1017.7
266,1014.5,1018.5
267,1013.6,1018.6
268,1012.8,1018.8
269,1015.0,1019.0
270,1014.9,1018.9
271,1015.2,1019.2
272,1015.8,1019.8
273,1015.4,1019.4
274,1014.6,1018.6
275,1014.5,1023.5
276,1020.3,1024.3
277,1020.8,1024.8
278,1016.5,1024.5
279,1016.3,1020.3
280,1016.8,1021.8
281,1014.8,1021.8
282,1014.6,1018.6
283,1013.6,1018.6
284,1014.6,1018.6
285,1014.6,1018.6
286,1013.9,1017.9
287,1014.2,1018.2
288,1015.0,1020.0
289,1016.5,1020.5
290,1013.0,1020.0
291,1013.5,1017.5
292,1013.2,1022.2
293,1018.8,1022.8
294,1019.0,1023.0
295,1019.2,1023.2
296,1019.1,1024.1
297,1019.1,1024.1
298,1018.8,1022.8
299,1017.8,1022.8
300,1017.8,1021.8
301,1018.0,1022.0
302,1018.2,1022.2
303,1018.2,1022.2
304,1018.5,1022.5
305,1017.4,1022.4
306,1017.0,1021.0
307,1016.8,1020.8
308,1016.3,1021.3
309,1017.5,1023.5
310,1017.5,1023.5
311,1017.8,1021.8
312,1017.6,1021.6
313,1017.6,1021.6
314,1017.2,1022.2
315,1018.2,1024.2
316,1017.8,1024.8
317,1017.4,1021.4
318,1017.1,1021.1
319,1016.2,1022.2
320,1018.4,1022.4
321,1018.4,1022.4
322,1018.4,1025.4
323,1021.8,1026.8
324,1023.4,1028.4
325,1023.9,1028.9
326,1023.4,1028.4
327,1024.0,1028.0
328,1024.6,1028.6
329,1024.2,1028.2
330,1024.2,1028.2
331,1023.9,1027.9
332,1023.3,1027.3
333,1023.3,1027.3
334,1023.3,1028.3
335,1024.8,1028.8
336,1024.8,1029.8
337,1026.5,1030.5
338,1024.7,1030.7
339,1024.6,1028.6
340,1024.6,1031.6
341,1027.2,1031.2
342,1027.2,1031.2
343,1027.1,1031.1
344,1027.0,1031.0
345,1023.8,1030.8
346,1023.8,1027.8
347,1024.5,1028.5
348,1024.5,1029.5
349,1026.4,1030.4
350,1026.4,1034.4
351,1030.3,1034.3
352,1030.3,1034.3
353,1030.6,1034.6
354,1029.6,1034.6
355,1028.7,1032.7
356,1029.0,1033.0
357,1029.0,1033.0
358,1027.8,1032.8
359,1025.8,1031.8
360,1025.6,1029.6
361,1024.5,1029.5
362,1024.4,1028.4
363,1024.2,1028.2
364,1024.0,1028.0
365,1023.8,1027.8
366,1023.6,1028.6
367,1025.3,1030.3
368,1022.6,1030.6
369,1021.8,1026.8
370,1022.4,1027.4
371,1023.3,1027.3
372,1022.4,1027.4
373,1019.4,1027.4
374,1018.8,1027.8
375,1024.3,1034.3
376,1029.4,1034.4
377,1029.0,1033.0
378,1029.2,1033.2
379,1028.9,1032.9
380,1028.9,1032.9
381,1029.4,1033.4
382,1026.8,1033.8
383,1028.0,1032.0
384,1028.0,1032.0
385,1028.0,1032.0
386,1028.2,1032.2
387,1028.3,1033.3
388,1029.3,1033.3
389,1029.0,1033.0
390,1029.3,1033.3
391,1029.5,1033.5
392,1029.8,1035.8
393,1031.8,1035.8
394,1031.4,1036.4
395,1032.6,1037.6
396,1033.9,1037.9
397,1033.9,1038.9
398,1035.4,1039.4
399,1035.8,1039.8
400,1034.0,1040.0
401,1033.2,1037.2
402,1031.8,1036.8
403,1031.4,1035.4
404,1031.8,1035.8
405,1031.3,1035.3
406,1030.9,1034.9
407,1031.2,1035.2
408,1031.3,1035.3
409,1031.2,1035.2
410,1031.1,1035.1
411,1029.6,1035.6
412,1028.9,1032.9
413,1029.2,1035.2
414,1031.3,1035.3
415,1031.0,1035.0
416,1030.8,1034.8
417,1030.6,1034.6
418,1031.2,1035.2
419,1030.0,1035.0
420,1029.5,1033.5
421,1028.4,1033.4
422,1028.2,1033.2
423,1030.0,1034.0
424,1029.4,1034.4
425,1029.7,1033.7
426,1029.7,1033.7
427,1029.2,1033.2
428,1029.2,1033.2
429,1028.8,1032.8
430,1028.9,1032.9
431,1028.4,1032.4
432,1028.6,1032.6
433,1028.7,1032.7
434,1028.8,1032.8
435,1025.4,1033.4
436,1025.5,1029.5
437,1025.8,1031.8
438,1027.1,1032.1
439,1023.4,1030.4
440,1022.7,1026.7
441,1023.3,1029.3
442,1024.8,1029.8
443,1021.6,1028.6
444,1021.7,1025.7
445,1021.7,1025.7
446,1021.7,1025.7
447,1019.5,1025.5
448,1019.5,1023.5
449,1019.5,1023.5
450,1019.5,1023.5
451,1018.5,1023.5
452,1017.8,1021.8
453,1017.8,1022.8
454,1019.8,1023.8
455,1020.6,1024.6
456,1019.6,1023.6
457,1019.6,1023.6
458,1020.5,1026.5
459,1022.5,1026.5
460,1020.7,1026.7
461,1020.0,1024.0
462,1020.4,1024.4
463,1020.4,1025.4
464,1022.0,1026.0
465,1022.2,1026.2
466,1022.4,1026.4
467,1022.2,1026.2
468,1022.2,1027.2
469,1022.0,1026.0
470,1021.2,1026.2
471,1022.8,1028.8
472,1025.2,1029.2
473,1019.2,1029.2
474,1018.5,1022.5
475,1015.9,1021.9
476,1015.4,1019.4
477,1014.5,1018.5
478,1014.4,1018.4
479,1014.4,1018.4
480,1015.0,1019.0
481,1015.2,1019.2
482,1014.8,1018.8
483,1015.8,1019.8
484,1016.0,1020.0
485,1015.5,1019.5
486,1016.0,1020.0
487,1015.8,1019.8
488,1012.8,1019.8
489,1011.4,1016.4
490,1011.1,1015.1
491,1011.1,1015.1
492,1011.1,1015.1
493,1010.4,1014.4
494,1010.4,1014.4
495,1010.8,1014.8
496,1010.8,1014.8
497,1010.6,1014.6
498,1011.1,1015.1
499,1011.4,1016.4
500,1013.3,1017.3
501,1013.6,1017.6
502,1009.4,1017.4
503,1008.8,1013.8
504,1010.6,1017.6
505,1013.8,1017.8
506,1013.8,1018.8
507,1015.5,1019.5
508,1015.2,1019.2
509,1013.4,1019.4
510,1010.2,1017.2
511,1010.6,1014.6
512,1010.6,1014.6
513,1010.7,1017.7
514,1013.8,1017.8
515,1013.0,1018.0
516,1014.0,1018.0
517,1014.2,1018.2
518,1014.4,1018.4
519,1014.6,1019.6
520,1015.5,1019.5
521,1016.4,1020.4
522,1016.1,1020.1
523,1015.3,1020.3
524,1014.8,1018.8
525,1014.5,1018.5
526,1014.4,1018.4
527,1013.8,1017.8
528,1014.4,1018.4
529,1014.4,1018.4
530,1014.4,1018.4
531,1014.8,1018.8
532,1015.4,1019.4
533,1016.2,1020.2
534,1015.6,1019.6
535,1016.0,1020.0
536,1016.4,1020.4
537,1017.0,1021.0
538,1015.0,1021.0
539,1014.4,1018.4
540,1014.4,1019.4
541,1015.6,1021.6
542,1017.6,1026.6
543,1023.5,1027.5
544,1022.5,1026.5
545,1022.4,1026.4
546,1022.8,1026.8
547,1023.0,1027.0
548,1021.5,1026.5
549,1019.4,1025.4
550,1019.3,1023.3
551,1019.2,1023.2
552,1019.2,1023.2
553,1019.4,1023.4
554,1019.4,1023.4
555,1020.1,1024.1
556,1020.1,1024.1
557,1020.0,1025.0
558,1021.1,1025.1
559,1019.5,1024.5
560,1018.1,1023.1
561,1017.3,1021.3
562,1017.6,1021.6
563,1017.6,1021.6
564,1017.6,1021.6
565,1017.6,1021.6
566,1018.2,1022.2
567,1018.2,1022.2
568,1019.0,1025.0
569,1021.1,1026.1
570,1022.5,1027.5
571,1021.8,1027.8
572,1021.4,1025.4
573,1021.4,1032.4
574,1026.8,1032.8
575,1026.0,1030.0
576,1025.2,1030.2
577,1024.6,1028.6
578,1025.4,1029.4
579,1025.2,1030.2
580,1026.4,1030.4
581,1026.4,1030.4
582,1026.0,1030.0
583,1026.8,1030.8
584,1025.6,1030.6
585,1024.8,1028.8
586,1025.4,1030.4
587,1026.3,1030.3
588,1026.2,1030.2
589,1025.3,1029.3
590,1025.2,1029.2
591,1022.9,1028.9
592,1022.5,1026.5
593,1021.1,1026.1
594,1020.8,1024.8
595,1020.8,1025.8
596,1019.3,1026.3
597,1018.4,1022.4
598,1019.2,1024.2
599,1019.4,1024.4
600,1019.2,1023.2
601,1019.3,1027.3
602,1023.1,1028.1
603,1017.0,1027.0
604,1016.4,1020.4
605,1016.4,1021.4
606,1016.8,1021.8
607,1016.3,1020.3
608,1017.2,1025.2
609,1018.2,1025.2
610,1018.0,1022.0
611,1017.6,1021.6
612,1017.6,1021.6
613,1017.9,1022.9
614,1018.9,1022.9
615,1019.2,1023.2
616,1016.3,1022.3
617,1015.4,1021.4
618,1015.5,1021.5
619,1013.5,1019.5
620,1012.6,1017.6
621,1014.0,1018.0
622,1014.1,1019.1
623,1016.0,1020.0
624,1016.0,1024.0
625,1020.9,1024.9
626,1020.9,1024.9
627,1021.5,1025.5
628,1021.1,1025.1
629,1020.6,1024.6
630,1020.4,1024.4
631,1020.8,1024.8
632,1019.8,1024.8
633,1018.0,1023.0
634,1016.7,1021.7
635,1016.0,1020.0
636,1016.4,1020.4
637,1015.3,1020.3
638,1014.8,1018.8
639,1013.8,1018.8
640,1013.2,1020.2
641,1015.0,1020.0
642,1014.8,1018.8
643,1013.3,1018.3
644,1013.1,1017.1
645,1012.6,1016.6
646,1012.6,1017.6
647,1011.5,1017.5
648,1008.8,1014.8
649,1008.4,1012.4
650,1006.5,1012.5
651,1006.5,1010.5
652,1006.6,1010.6
653,1007.1,1012.1
654,1008.3,1012.3
655,1009.0,1013.0
656,1009.0,1014.0
657,1008.3,1012.3
658,1009.0,1013.0
659,1009.0,1013.0
660,1008.2,1012.2
661,1008.2,1012.2
662,1002.3,1012.3
663,1001.6,1005.6
664,1001.4,1005.4
665,1000.8,1004.8
666,1001.0,1006.0
667,1001.4,1006.4
668,1000.5,1004.5
669,1001.2,1005.2
670,1001.2,1005.2
671,1002.1,1006.1
672,1002.2,1007.2
673,1002.7,1008.7
674,1004.5,1008.5
675,1004.5,1008.5
676,1004.4,1008.4
677,1000.4,1008.4
678,1000.0,1004.0
679,1000.2,1004.2
680,1000.0,1004.0
681,999.8,1003.8
682,1000.0,1004.0
683,999.2,1003.2
684,1000.1,1004.1
685,999.9,1003.9
686,1000.0,1004.0
687,1000.2,1004.2
688,998.0,1004.0
689,997.2,1001.2
690,998.0,1002.0
691,998.0,1002.0
692,998.9,1002.9
693,997.0,1003.0
694,995.8,1000.8
695,996.2,1000.2
696,996.1,1000.1
697,996.1,1002.1
698,998.8,1002.8
699,999.0,1003.0
700,998.6,1002.6
701,998.5,1002.5
702,998.2,1002.2
703,998.2,1002.2
704,998.2,1002.2
705,998.8,1002.8
706,998.8,1007.8
707,1003.8,1009.8
708,1004.4,1009.4
709,1004.0,1008.0
710,1004.4,1008.4
711,1004.4,1008.4
712,1004.4,1008.4
713,1002.5,1007.5
714,1001.6,1005.6
715,999.5,1005.5
716,999.6,1003.6
717,999.6,1003.6
718,999.4,1004.4
719,1000.8,1004.8
720,1000.8,1004.8
721,1000.2,1005.2
722,1000.0,1005.0
723,1001.4,1006.4
724,1002.8,1006.8
725,1002.7,1006.7
726,1001.7,1006.7
727,1001.4,1005.4
728,998.7,1005.7
729,998.5,1002.5
730,998.5,1003.5
731,999.3,1003.3
732,998.8,1002.8
733,998.4,1003.4
734,998.7,1003.7
735,996.8,1001.8
736,996.6,1000.6
737,994.8,999.8
738,991.0,998.0
739,991.7,998.7
740,995.4,999.4
741,990.8,998.8
742,990.6,994.6
743,989.6,994.6
744,986.3,993.3
745,986.5,990.5
746,985.0,990.0
747,984.5,988.5
748,984.2,988.2
749,983.8,989.8
750,986.0,991.0
751,987.8,994.8
752,991.0,995.0
753,991.0,995.0
754,990.8,997.8
755,994.4,998.4
756,994.5,998.5
757,994.8,998.8
758,995.4,999.4
759,995.4,999.4
760,996.1,1000.1
761,995.8,999.8
762,995.8,999.8
763,995.2,999.2
764,995.8,999.8
765,995.4,999.4
766,994.4,999.4
767,994.2,1002.2
768,995.2,1002.2
769,994.4,999.4
770,994.8,998.8
771,994.2,998.2
772,994.8,999.8
773,996.4,1000.4
774,996.4,1000.4
775,996.0,1000.0
776,996.5,1000.5
777,996.5,1002.5
778,998.5,1006.5
779,1002.1,1007.1
780,1001.8,1005.8
781,1002.2,1007.2
782,1004.2,1009.2
783,1005.4,1009.4
784,1004.5,1011.5
785,1006.0,1011.0
786,1007.4,1011.4
787,1006.8,1010.8
788,1007.0,1011.0
789,1007.0,1011.0
790,1006.1,1010.1
791,1006.2,1010.2
792,1005.5,1009.5
793,1005.9,1009.9
794,1006.6,1010.6
795,1007.2,1011.2
796,1006.4,1010.4
797,1007.2,1011.2
798,1006.4,1011.4
799,1005.5,1009.5
800,1005.0,1009.0
801,1004.4,1010.4
802,1007.3,1011.3
803,1006.3,1011.3
804,1006.2,1011.2
805,1008.1,1012.1
806,1008.2,1012.2
807,1008.6,1012.6
808,1008.7,1012.7
809,1008.8,1012.8
810,1008.2,1013.2
811,1008.2,1012.2
812,1008.8,1012.8
813,1009.5,1013.5
814,1008.6,1012.6
815,1007.6,1012.6
816,1007.4,1011.4
817,1006.7,1010.7
818,1005.7,1010.7
819,1005.7,1011.7
820,1005.0,1012.0
821,1004.7,1008.7
822,1005.2,1009.2
823,1004.5,1008.5
824,1004.5,1011.5
825,1007.5,1011.5
826,1003.2,1011.2
827,1002.9,1006.9
828,1000.8,1006.8
829,1000.8,1004.8
830,1000.5,1004.5
831,1000.8,1004.8
832,1000.6,1004.6
833,999.8,1004.8
834,997.4,1003.4
835,996.0,1001.0
836,995.3,1009.3
837,1003.9,1009.9
838,1001.3,1007.3
839,1000.9,1004.9
840,999.6,1004.6
841,998.7,1002.7
842,998.7,1002.7
843,999.2,1003.2
844,999.4,1003.4
845,999.4,1003.4
846,999.2,1003.2
847,999.6,1003.6
848,999.4,1003.4
849,999.4,1003.4
850,997.6,1002.6
851,995.4,1001.4
852,994.4,999.4
853,993.8,997.8
854,993.4,997.4
855,994.0,998.0
856,994.0,998.0
857,994.0,1001.0
858,997.4,1001.4
859,997.4,1003.4
860,998.6,1003.6
861,998.0,1002.0
862,998.8,1002.8
863,999.7,1003.7
864,999.7,1004.7
865,1001.5,1005.5
866,1001.2,1005.2
867,1001.6,1005.6
868,998.6,1005.6
869,998.6,1002.6
870,998.3,1002.3
871,998.2,1002.2
872,998.5,1002.5
873,999.0,1003.0
874,999.3,1003.3
875,999.2,1003.2
876,999.1,1003.1
877,997.3,1003.3
878,997.0,1002.0
879,996.9,1002.9
880,996.4,1000.4
881,996.6,1001.6
882,998.1,1002.1
883,997.5,1002.5
884,996.8,1000.8
885,991.9,999.9
886,991.4,997.4
887,993.4,997.4
888,993.0,998.0
889,992.8,998.8
890,992.4,996.4
891,992.6,997.6
892,994.5,998.5
893,994.4,998.4
894,994.5,1001.5
895,997.4,1001.4
896,997.0,1001.0
897,996.3,1001.3
898,998.0,1002.0
899,995.4,1002.4
900,995.4,1001.4
901,998.0,1002.0
902,998.6,1002.6
903,999.4,1003.4
904,999.9,1007.9
905,1002.9,1008.9
906,1003.6,1007.6
907,1003.6,1007.6
908,1003.5,1007.5
909,1002.6,1008.6
910,1005.0,1009.0
911,1005.6,1009.6
912,1005.8,1009.8
913,1004.4,1010.4
914,1004.8,1010.8
915,1007.4,1011.4
916,1006.4,1011.4
917,1005.0,1010.0
918,1005.0,1009.0
919,1002.2,1008.2
920,1002.8,1006.8
921,1003.0,1007.0
922,1002.3,1006.3
923,1002.4,1006.4
924,1002.4,1006.4
925,1001.7,1006.7
926,1003.3,1007.3
927,1003.3,1010.3
928,1007.1,1011.1
929,1007.2,1011.2
930,1007.2,1011.2
931,1007.8,1011.8
932,1007.4,1012.4
933,1007.5,1011.5
934,1007.5,1012.5
935,1007.8,1012.8
936,1000.8,1011.8
937,999.9,1004.9
938,1001.2,1006.2
939,1001.8,1006.8
940,1002.8,1006.8
941,1001.8,1006.8
942,1001.6,1005.6
943,1000.6,1005.6
944,994.4,1004.4
945,987.8,997.8
946,987.3,992.3
947,988.4,992.4
948,987.4,992.4
949,987.0,991.0
950,987.4,991.4
951,987.2,991.2
952,987.6,991.6
953,987.2,991.2
954,986.1,991.1
955,985.2,991.2
956,987.2,992.2
957,986.6,990.6
958,987.0,991.0
959,986.8,991.8
960,986.4,991.4
961,985.8,990.8
962,987.0,993.0
963,989.0,993.0
964,988.7,992.7
965,988.6,992.6
966,988.4,993.4
967,989.7,993.7
968,987.6,993.6
969,987.4,991.4
970,987.4,991.4
971,987.4,991.4
972,987.5,996.5
973,993.3,997.3
974,993.7,997.7
975,994.4,998.4
976,994.4,998.4
977,995.0,999.0
978,994.6,998.6
979,994.6,998.6
980,994.0,998.0
981,994.0,998.0
982,993.6,998.6
983,994.7,998.7
984,987.8,998.8
985,987.3,991.3
986,987.8,991.8
987,987.0,991.0
988,986.4,993.4
989,989.9,993.9
990,990.4,994.4
991,989.8,993.8
992,989.2,993.2
993,990.2,994.2
994,987.2,994.2
995,987.0,991.0
996,987.0,991.0
997,987.4,991.4
998,986.4,991.4
999,985.6,989.6
1000,986.3,990.3
1001,985.8,990.8
1002,987.6,991.6
1003,987.7,991.7
1004,987.4,991.4
1005,987.4,991.4
1006,987.4,993.4
1007,989.8,993.8
1008,990.0,994.0
1009,990.5,994.5
1010,989.9,994.9
1011,989.8,993.8
1012,987.8,993.8
1013,983.8,991.8
1014,982.5,987.5
1015,982.4,987.4
1016,983.5,987.5
1017,982.6,987.6
1018,979.9,985.9
1019,979.6,983.6
1020,979.6,984.6
1021,980.8,984.8
1022,980.6,984.6
1023,981.5,985.5
1024,981.4,985.4
1025,981.4,985.4
1026,981.8,986.8
1027,982.1,986.1
1028,982.0,988.0
1029,983.0,988.0
1030,982.8,986.8
1031,982.8,986.8
1032,982.8,986.8
1033,983.0,987.0
1034,982.5,988.5
1035,984.6,993.6
1036,990.2,994.2
1037,989.4,993.4
1038,989.4,993.4
1039,988.2,993.2
1040,986.3,991.3
1041,984.2,990.2
1042,983.2,987.2
1043,983.8,987.8
1044,983.7,987.7
1045,984.5,988.5
1046,966.5,967.5
1047,966.5,971.5
1048,967.5,971.5
1049,960.4,972.4
1050,961.0,965.0
1051,961.0,966.0
1052,957.6,965.6
1053,952.8,960.8
1054,946.7,956.7
1055,944.4,950.4
1056,943.7,948.7
1057,942.8,948.8
1058,937.3,946.3
1059,937.2,941.2
1060,937.2,941.2
1061,937.2,941.2
1062,937.6,942.6
1063,938.9,942.9
1064,939.0,943.0
1065,939.2,944.2
1066,935.0,944.0
1067,925.8,938.8
1068,924.3,929.3
1069,924.8,928.8
1070,924.6,928.6
1071,924.3,928.3
1072,921.8,927.8
1073,915.8,924.8
1074,915.8,921.8
1075,918.4,924.4
1076,918.2,925.2
1077,917.8,923.8
1078,920.0,924.0
1079,918.8,926.8
1080,922.0,927.0
1081,923.3,927.3
1082,923.3,927.3
1083,923.1,927.1
1084,923.4,928.4
1085,920.4,930.4
1086,922.5,928.5
1087,925.0,932.0
1088,928.4,932.4
1089,928.0,945.0
1090,941.3,945.3
1091,932.7,945.7
1092,926.2,937.2
1093,925.3,929.3
1094,924.4,935.4
1095,932.1,939.1
1096,936.0,940.0
1097,934.9,939.9
1098,934.9,941.9
1099,926.0,942.0
1100,925.6,930.6
1101,924.8,930.8
1102,923.8,927.8
1103,924.0,928.0
1104,919.0,927.0
1105,918.8,922.8
1106,919.3,923.3
1107,919.4,923.4
1108,918.8,923.8
1109,917.3,922.3
1110,917.0,921.0
1111,916.9,924.9
1112,920.7,925.7
1113,921.2,925.2
1114,921.6,925.6
1115,921.0,926.0
1116,916.5,926.5
1117,916.2,920.2
1118,903.7,919.7
1119,902.7,907.7
1120,899.7,906.7
1121,892.6,903.6
1122,892.0,896.0
1123,892.0,896.0
1124,891.0,895.0
1125,887.9,894.9
1126,887.0,891.0
1127,886.5,890.5
1128,885.5,890.5
1129,887.0,891.0
1130,887.1,891.1
1131,885.1,891.1
1132,883.7,888.7
1133,883.4,887.4
1134,883.2,887.2
1135,881.8,886.8
1136,878.4,885.4
1137,878.4,882.4
1138,878.3,882.3
1139,876.0,882.0
1140,874.8,879.8
1141,874.4,878.4
1142,874.1,878.1
1143,872.1,878.1
1144,871.6,875.6
1145,871.0,876.0
1146,870.4,879.4
1147,875.5,879.5
1148,874.8,878.8
1149,874.0,878.0
1150,873.6,877.6
1151,874.1,878.1
1152,874.2,878.2
1153,874.2,878.2
1154,873.5,880.5
1155,877.0,881.0
1156,877.0,882.0
1157,878.4,883.4
1158,878.5,883.5
1159,878.5,882.5
1160,878.2,882.2
1161,878.8,882.8
1162,879.2,883.2
1163,879.8,883.8
1164,879.3,883.3
1165,879.4,889.4
1166,884.9,889.9
1167,885.2,889.2
1168,885.4,889.4
1169,884.2,889.2
1170,882.2,887.2
1171,881.8,885.8
1172,881.8,886.8
1173,883.6,888.6
1174,884.4,889.4
1175,883.6,887.6
1176,883.4,887.4
1177,883.5,887.5
1178,881.5,886.5
1179,881.7,886.7
1180,882.6,886.6
1181,881.1,886.1
1182,880.6,884.6
1183,878.2,885.2
1184,878.6,882.6
1185,878.6,889.6
1186,885.6,890.6
1187,886.6,890.6
1188,886.6,890.6
1189,887.3,891.3
1190,887.4,891.4
1191,887.1,891.1
1192,883.6,890.6
1193,882.5,887.5
1194,880.8,886.8
1195,877.1,884.1
1196,876.4,880.4
1197,876.4,880.4
1198,876.8,880.8
1199,874.8,880.8
1200,872.3,879.3
1201,872.7,876.7
1202,871.8,876.8
1203,871.5,875.5
1204,870.6,875.6
1205,870.4,874.4
1206,870.7,874.7
1207,870.7,874.7
1208,871.2,875.2
1209,869.5,874.5
1210,868.2,873.2
1211,868.2,876.2
1212,872.3,877.3
1213,873.4,877.4
1214,872.4,877.4
1215,872.4,877.4
1216,871.8,875.8
1217,872.2,876.2
1218,872.2,876.2
1219,872.3,878.3
1220,874.8,878.8
1221,875.6,879.6
1222,875.3,879.3
1223,876.0,880.0
1224,875.7,879.7
1225,875.5,879.5
1226,875.5,879.5
1227,875.5,879.5
1228,875.2,879.2
1229,874.0,879.0
1230,873.6,877.6
1231,874.2,878.2
1232,873.1,878.1
1233,873.0,877.0
1234,872.1,877.1
1235,872.2,876.2
1236,870.6,875.6
1237,870.0,877.0
1238,873.2,877.2
1239,873.2,877.2
1240,873.8,877.8
1241,874.1,878.1
1242,873.9,877.9
1243,874.5,878.5
1244,873.6,878.6
1245,873.7,880.7
1246,876.4,883.4
1247,877.5,882.5
1248,877.2,883.2
1249,877.9,882.9
1250,877.8,881.8
1251,877.2,881.2
1252,877.5,881.5
1253,877.7,881.7
1254,878.0,882.0
1255,878.1,883.1
1256,877.8,882.8
1257,877.4,881.4
1258,877.8,881.8
1259,873.4,881.4
1260,873.5,877.5
1261,872.9,877.9
1262,874.5,879.5
1263,875.5,880.5
1264,876.8,883.8
1265,879.5,884.5
1266,880.8,885.8
1267,881.8,886.8
1268,882.9,886.9
1269,882.4,887.4
1270,884.2,888.2
1271,883.7,888.7
1272,883.4,887.4
1273,883.0,888.0
1274,884.4,889.4
1275,886.4,890.4
1276,886.0,890.0
1277,886.5,890.5
1278,886.3,891.3
1279,887.8,891.8
1280,887.9,891.9
1281,887.8,891.8
1282,886.3,891.3
1283,886.0,892.0
1284,888.4,892.4
1285,888.6,892.6
1286,888.8,892.8
1287,888.7,892.7
1288,888.5,892.5
1289,888.0,892.0
1290,888.0,892.0
1291,886.7,891.7
1292,886.4,890.4
1293,885.6,889.6
1294,885.7,889.7
1295,884.8,889.8
1296,884.6,888.6
1297,884.6,888.6
1298,884.6,888.6
1299,884.6,888.6
1300,884.5,888.5
1301,884.2,888.2
1302,884.2,888.2
1303,883.2,888.2
1304,883.2,888.2
1305,885.0,889.0
1306,885.2,889.2
1307,885.2,890.2
1308,884.1,890.1
1309,883.1,888.1
1310,882.6,886.6
1311,882.0,886.0
1312,882.4,886.4
1313,883.2,892.2
1314,886.3,892.3
1315,886.2,890.2
1316,885.4,890.4
1317,885.0,890.0
1318,886.2,890.2
1319,885.2,889.2
1320,884.5,888.5
1321,883.6,887.6
1322,883.1,888.1
1323,880.8,886.8
1324,880.5,887.5
1325,883.8,887.8
1326,883.8,887.8
1327,881.4,887.4
1328,881.0,885.0
1329,881.4,885.4
1330,881.4,885.4
1331,879.2,885.2
1332,878.5,883.5
1333,879.4,883.4
1334,878.2,883.2
1335,878.0,882.0
1336,877.9,884.9
1337,881.0,885.0
1338,881.2,886.2
1339,882.8,886.8
1340,883.6,887.6
1341,883.6,887.6
1342,883.6,887.6
1343,883.4,887.4
1344,882.6,886.6
1345,883.0,887.0
1346,882.5,886.5
1347,883.2,887.2
1348,883.4,887.4
1349,883.0,887.0
1350,883.2,890.2
1351,886.8,890.8
1352,886.0,890.0
1353,885.8,889.8
1354,885.8,889.8
1355,885.5,889.5
1356,885.5,889.5
1357,884.6,888.6
1358,883.2,888.2
1359,883.6,887.6
1360,884.4,888.4
1361,884.3,889.3
1362,884.0,888.0
1363,884.2,888.2
1364,883.9,888.9
1365,885.2,889.2
1366,884.6,888.6
1367,885.2,889.2
1368,885.3,889.3
1369,885.5,889.5
1370,885.4,889.4
1371,884.9,888.9
1372,884.1,889.1
1373,885.1,891.1
1374,887.2,892.2
1375,883.4,892.4
1376,881.8,886.8
1377,880.2,885.2
1378,880.0,884.0
1379,879.9,883.9
1380,879.0,885.0
1381,879.8,883.8
1382,879.6,884.6
1383,881.4,885.4
1384,877.0,886.0
1385,876.4,880.4
1386,874.7,879.7
1387,874.4,878.4
1388,874.5,878.5
1389,874.5,878.5
1390,875.0,879.0
1391,874.9,878.9
1392,873.4,878.4
1393,870.9,876.9
1394,869.6,874.6
1395,869.4,873.4
1396,869.0,874.0
1397,870.6,875.6
1398,872.3,876.3
1399,872.8,876.8
1400,872.3,879.3
1401,876.0,883.0
1402,879.2,884.2
1403,880.3,884.3
1404,876.4,884.4
1405,875.5,879.5
1406,876.5,880.5
1407,876.7,882.7
1408,879.5,883.5
1409,877.6,882.6
1410,878.1,882.1
1411,877.0,883.0
1412,876.6,880.6
1413,876.2,880.2
1414,876.5,880.5
1415,877.1,881.1
1416,875.9,881.9
1417,876.6,882.6
1418,879.0,883.0
1419,876.8,882.8
1420,876.7,880.7
1421,877.5,881.5
1422,874.4,882.4
1423,874.0,878.0
1424,873.6,878.6
1425,872.0,877.0
1426,871.4,875.4
1427,871.6,875.6
1428,871.1,875.1
1429,871.2,876.2
1430,872.4,876.4
1431,872.4,876.4
1432,873.2,877.2
1433,873.0,877.0
1434,873.0,877.0
1435,873.1,877.1
1436,873.2,877.2
1437,872.8,876.8
1438,873.0,877.0
1439,873.2,877.2
1440,872.8,877.8
1441,872.7,876.7
1442,872.5,877.5
1443,874.0,878.0
1444,873.6,877.6
1445,872.6,877.6
1446,871.5,876.5
1447,871.1,875.1
1448,870.4,874.4
1449,870.5,874.5
1450,869.0,874.0
1451,868.4,873.4
1452,864.8,871.8
1453,863.6,868.6
1454,864.0,868.0
1455,862.0,868.0
1456,861.4,871.4
1457,868.0,872.0
1458,868.0,874.0
1459,870.1,874.1
1460,870.8,874.8
1461,868.6,874.6
1462,868.0,873.0
1463,869.0,875.0
1464,871.0,875.0
1465,870.8,874.8
1466,869.2,874.2
1467,869.5,873.5
1468,870.0,874.0
1469,869.5,874.5
1470,870.6,874.6
1471,870.4,875.4
1472,870.5,876.5
1473,873.2,877.2
1474,873.6,877.6
1475,873.3,877.3
1476,873.4,877.4
1477,874.2,878.2
1478,873.5,877.5
1479,872.8,876.8
1480,872.8,877.8
1481,872.2,876.2
1482,872.6,876.6
1483,873.2,877.2
1484,873.2,877.2
1485,872.9,876.9
1486,873.4,877.4
1487,873.1,878.1
1488,874.8,878.8
1489,874.2,878.2
1490,874.0,878.0
1491,874.1,878.1
1492,872.4,877.4
1493,872.0,876.0
1494,872.4,877.4
1495,873.9,881.9
1496,877.1,882.1
1497,876.6,880.6
1498,877.2,881.2
1499,877.4,881.4
1500,877.8,881.8
1501,877.8,881.8
1502,877.9,881.9
1503,878.4,882.4
1504,878.3,882.3
1505,879.2,883.2
1506,879.2,883.2
1507,879.2,883.2
1508,879.2,884.2
1509,880.0,884.0
1510,879.7,883.7
1511,879.7,883.7
1512,876.3,883.3
1513,875.6,879.6
1514,874.6,879.6
1515,874.2,878.2
1516,874.6,878.6
1517,873.8,878.8
1518,873.2,878.2
1519,872.7,878.7
1520,872.6,876.6
1521,872.7,876.7
1522,869.0,876.0
1523,868.0,873.0
1524,867.6,871.6
1525,866.5,871.5
1526,866.2,870.2
1527,865.8,871.8
1528,865.8,871.8
1529,865.0,869.0
1530,865.0,869.0
1531,865.0,869.0
1532,865.0,869.0
1533,864.6,868.6
1534,864.6,868.6
1535,864.6,869.6
1536,865.4,869.4
1537,861.8,868.8
1538,861.8,866.8
1539,861.8,866.8
1540,859.3,865.3
1541,859.2,863.2
1542,860.0,864.0
1543,860.6,864.6
1544,860.5,864.5
1545,859.5,864.5
1546,859.4,863.4
1547,859.4,863.4
1548,858.0,863.0
1549,858.0,862.0
1550,857.9,861.9
1551,857.6,862.6
1552,859.4,863.4
1553,859.5,863.5
1554,859.8,863.8
1555,859.2,863.2
1556,859.0,864.0
1557,856.8,862.8
1558,856.4,860.4
1559,856.3,860.3
1560,856.3,861.3
1561,857.3,862.3
1562,858.8,862.8
1563,859.0,866.0
1564,862.6,866.6
1565,860.8,866.8
1566,860.7,864.7
1567,860.4,864.4
1568,859.6,863.6
1569,859.8,863.8
1570,859.8,863.8
1571,859.2,864.2
1572,859.5,866.5
1573,863.2,867.2
1574,864.0,868.0
1575,863.1,868.1
1576,863.1,867.1
1577,862.8,867.8
1578,861.6,866.6
1579,861.4,866.4
1580,863.0,870.0
1581,866.4,870.4
1582,866.5,870.5
1583,866.4,873.4
1584,869.5,873.5
1585,868.9,872.9
1586,868.8,874.8
1587,870.4,874.4
1588,870.3,874.3
1589,870.3,874.3
1590,870.2,874.2
1591,868.4,873.4
1592,868.4,872.4
1593,868.2,872.2
1594,869.0,873.0
1595,869.0,876.0
1596,871.8,875.8
1597,871.8,875.8
1598,871.2,882.2
1599,877.5,882.5
1600,877.2,881.2
1601,877.4,881.4
1602,877.4,882.4
1603,877.8,882.8
1604,876.3,881.3
1605,872.8,879.8
1606,872.3,876.3
1607,872.6,876.6
1608,871.4,876.4
1609,870.7,875.7
1610,872.3,876.3
1611,873.2,881.2
1612,877.8,883.8
1613,880.0,884.0
1614,874.0,884.0
1615,874.6,878.6
1616,875.2,879.2
1617,874.4,878.4
1618,874.0,879.0
1619,875.8,881.8
1620,877.5,881.5
1621,877.5,881.5
1622,877.4,881.4
1623,877.2,881.2
1624,877.6,883.6
1625,879.8,883.8
1626,880.4,884.4
1627,880.6,884.6
1628,880.3,885.3
1629,881.6,885.6
1630,881.3,885.3
1631,882.0,886.0
1632,878.4,887.4
1633,878.7,882.7
1634,878.8,882.8
1635,878.6,882.6
1636,879.3,884.3
1637,880.4,884.4
1638,881.0,885.0
1639,879.8,884.8
1640,879.2,884.2
1641,879.2,883.2
1642,878.2,882.2
1643,877.9,881.9
1644,878.2,882.2
1645,878.2,883.2
1646,879.6,883.6
1647,879.5,883.5
1648,871.0,884.0
1649,869.0,875.0
1650,868.9,872.9
1651,869.2,874.2
1652,868.2,874.2
1653,866.8,871.8
1654,865.8,869.8
1655,866.6,870.6
1656,865.8,870.8
1657,867.7,872.7
1658,868.2,873.2
1659,866.8,873.8
1660,866.3,870.3
1661,866.4,870.4
1662,866.2,870.2
1663,866.4,870.4
1664,865.5,869.5
1665,865.9,872.9
1666,869.5,874.5
1667,870.3,874.3
1668,869.4,874.4
1669,868.5,872.5
1670,867.7,871.7
1671,867.6,871.6
1672,868.5,872.5
1673,869.2,874.2
1674,870.8,874.8
1675,871.4,875.4
1676,871.2,875.2
1677,871.3,875.3
1678,870.4,875.4
1679,868.8,874.8
1680,868.6,872.6
1681,868.5,873.5
1682,869.8,873.8
1683,869.4,873.4
1684,867.7,872.7
1685,867.7,871.7
1686,867.7,871.7
1687,867.7,871.7
1688,868.4,873.4
1689,868.7,873.7
1690,869.2,873.2
1691,868.6,872.6
1692,868.9,872.9
1693,869.7,873.7
1694,869.4,873.4
1695,867.4,873.4
1696,866.6,871.6
1697,868.5,872.5
1698,865.5,872.5
1699,864.3,869.3
1700,863.0,868.0
1701,861.1,866.1
1702,860.2,865.2
1703,861.4,865.4
1704,860.6,865.6
1705,860.3,864.3
1706,860.3,866.3
1707,862.7,866.7
1708,859.7,866.7
1709,859.5,864.5
1710,860.4,866.4
1711,862.6,866.6
1712,862.3,867.3
1713,863.5,867.5
1714,863.5,867.5
1715,863.5,867.5
1716,863.3,867.3
1717,863.0,867.0
1718,863.2,867.2
1719,863.9,867.9
1720,863.9,867.9
1721,864.0,868.0
1722,863.0,868.0
1723,862.4,866.4
1724,862.8,867.8
1725,863.5,868.5
1726,863.8,867.8
1727,863.3,867.3
1728,864.0,868.0
1729,863.0,868.0
1730,862.5,867.5
1731,864.0,868.0
1732,864.1,868.1
1733,863.5,868.5
1734,865.0,869.0
1735,865.0,869.0
1736,863.4,868.4
1737,862.5,867.5
1738,864.1,868.1
1739,863.8,867.8
1740,863.4,867.4
1741,863.1,868.1
1742,862.6,871.6
1743,867.4,872.4
1744,868.4,873.4
1745,868.2,873.2
1746,869.4,873.4
1747,869.9,873.9
1748,869.6,873.6
1749,869.1,873.1
1750,868.8,874.8
1751,869.8,873.8
1752,870.0,874.0
1753,870.0,874.0
1754,870.0,874.0
1755,870.8,874.8
1756,870.8,874.8
1757,870.2,874.2
1758,869.4,873.4
1759,868.4,876.4
1760,871.4,875.4
1761,871.6,875.6
1762,871.4,875.4
1763,868.4,875.4
1764,868.3,872.3
1765,867.3,872.3
1766,866.6,870.6
1767,866.4,870.4
1768,866.5,871.5
1769,867.7,873.7
1770,870.0,874.0
1771,867.8,873.8
1772,867.2,871.2
1773,867.4,871.4
1774,867.3,871.3
1775,867.3,871.3
1776,867.5,871.5
1777,867.2,871.2
1778,866.1,871.1
1779,865.8,875.8
1780,872.8,876.8
1781,872.8,876.8
1782,873.0,877.0
1783,872.8,876.8
1784,873.7,877.7
1785,874.6,878.6
1786,874.6,878.6
1787,874.8,878.8
1788,875.4,879.4
1789,873.4,879.4
1790,873.0,877.0
1791,874.0,878.0
1792,874.5,878.5
1793,874.8,879.8
1794,876.0,880.0
1795,876.2,880.2
1796,876.0,880.0
1797,877.0,881.0
1798,877.0,881.0
1799,875.2,880.2
1800,874.7,878.7
1801,874.8,878.8
1802,874.5,878.5
1803,873.8,877.8
1804,873.6,877.6
1805,873.1,877.1
1806,873.2,877.2
1807,873.5,877.5
1808,874.0,878.0
1809,874.0,879.0
1810,875.8,879.8
1811,875.6,879.6
1812,875.6,879.6
1813,875.6,879.6
1814,874.6,879.6
1815,874.8,878.8
1816,874.8,880.8
1817,874.7,881.7
1818,874.4,878.4
1819,874.5,879.5
1820,876.0,880.0
1821,873.0,880.0
1822,872.2,876.2
1823,872.4,876.4
1824,872.8,876.8
1825,871.9,875.9
1826,872.2,876.2
1827,872.8,876.8
1828,872.8,876.8
1829,872.8,877.8
1830,874.6,878.6
1831,873.4,879.4
1832,872.4,877.4
1833,873.6,877.6
1834,871.7,876.7
1835,871.0,875.0
1836,870.9,874.9
1837,870.8,875.8
1838,872.4,876.4
1839,872.3,876.3
1840,872.2,876.2
1841,872.2,877.2
1842,873.2,878.2
1843,873.8,878.8
1844,875.2,879.2
1845,875.1,879.1
1846,875.4,879.4
1847,873.8,879.8
1848,873.4,877.4
1849,873.6,877.6
1850,873.6,878.6
1851,875.3,879.3
1852,874.4,878.4
1853,874.4,878.4
1854,874.9,878.9
1855,875.8,880.8
1856,875.3,881.3
1857,872.8,878.8
1858,870.2,876.2
1859,869.6,873.6
1860,869.2,874.2
1861,868.8,872.8
1862,868.7,873.7
1863,870.0,874.0
1864,870.0,874.0
1865,870.9,874.9
1866,870.9,874.9
1867,870.9,874.9
1868,871.6,875.6
1869,872.0,878.0
1870,874.8,878.8
1871,875.2,880.2
1872,876.2,880.2
1873,876.2,880.2
1874,875.8,880.8
1875,876.7,880.7
1876,875.1,880.1
1877,875.4,879.4
1878,872.0,880.0
1879,870.9,875.9
1880,870.0,874.0
1881,869.5,875.5
1882,871.9,877.9
1883,874.0,878.0
1884,873.9,877.9
1885,873.5,878.5
1886,869.8,877.8
1887,866.6,873.6
1888,866.4,872.4
1889,868.0,873.0
1890,868.4,873.4
1891,868.5,872.5
1892,868.5,874.5
1893,871.1,876.1
1894,873.0,877.0
1895,872.0,877.0
1896,871.4,875.4
1897,870.5,875.5
1898,870.4,874.4
1899,870.0,874.0
1900,869.2,873.2
1901,870.0,874.0
1902,870.2,874.2
1903,870.7,874.7
1904,870.6,874.6
1905,870.5,874.5
1906,869.7,874.7
1907,869.2,873.2
1908,869.2,873.2
1909,868.4,872.4
1910,868.1,873.1
1911,868.5,872.5
1912,868.6,875.6
1913,872.2,878.2
1914,874.5,878.5
1915,874.7,879.7
1916,876.0,885.0
1917,880.2,884.2
1918,881.0,885.0
1919,881.0,885.0
1920,880.8,884.8
1921,880.6,884.6
1922,880.6,884.6
1923,879.8,884.8
1924,879.6,885.6
1925,879.2,883.2
1926,879.3,883.3
1927,879.2,883.2
1928,880.2,884.2
1929,880.2,884.2
1930,880.2,884.2
1931,880.2,886.2
1932,882.6,886.6
1933,883.4,887.4
1934,883.4,888.4
1935,884.2,888.2
1936,884.5,888.5
1937,885.4,890.4
1938,886.8,890.8
1939,886.8,890.8
1940,887.0,891.0
1941,885.2,891.2
1942,885.2,891.2
1943,888.1,892.1
1944,888.8,892.8
1945,889.2,894.2
1946,889.2,894.2
1947,888.8,892.8
1948,889.0,893.0
1949,888.4,893.4
1950,885.7,891.7
1951,884.0,889.0
1952,883.8,887.8
1953,881.4,887.4
1954,880.7,884.7
1955,880.5,884.5
1956,880.5,884.5
1957,880.8,884.8
1958,876.8,885.8
1959,877.0,881.0
1960,872.2,880.2
1961,872.0,876.0
1962,872.2,876.2
1963,871.7,877.7
1964,873.8,877.8
1965,874.2,878.2
1966,874.5,878.5
1967,874.2,880.2
1968,876.2,881.2
1969,876.9,881.9
1970,876.8,880.8
1971,877.3,881.3
1972,874.4,881.4
1973,873.9,877.9
1974,873.4,877.4
1975,873.8,877.8
1976,873.7,877.7
1977,873.0,877.0
1978,872.8,876.8
1979,872.4,876.4
1980,872.4,876.4
1981,872.2,876.2
1982,871.7,875.7
1983,872.4,876.4
1984,872.8,876.8
1985,872.5,877.5
1986,871.0,878.0
1987,868.2,874.2
1988,867.5,871.5
1989,867.6,872.6
1990,868.4,874.4
1991,871.2,877.2
1992,873.3,879.3
1993,875.2,880.2
1994,875.2,879.2
1995,875.4,879.4
1996,872.4,879.4
1997,872.4,879.4
1998,873.8,879.8
1999,872.8,877.8
2000,872.6,876.6
2001,872.2,876.2
2002,871.4,878.4
2003,875.0,879.0
2004,875.0,879.0
2005,874.8,878.8
2006,875.6,879.6
2007,876.4,880.4
2008,875.8,879.8
2009,875.9,879.9
2010,876.0,880.0
2011,875.4,879.4
2012,874.0,879.0
2013,874.0,878.0
2014,873.7,878.7
2015,874.2,878.2
2016,874.3,881.3
2017,877.4,881.4
2018,877.4,885.4
2019,882.2,886.2
2020,882.8,886.8
2021,883.0,887.0
2022,883.0,887.0
2023,883.7,887.7
2024,883.5,888.5
2025,884.5,888.5
2026,884.2,888.2
2027,883.4,888.4
2028,885.4,889.4
2029,885.4,889.4
2030,881.4,889.4
2031,881.4,885.4
2032,881.4,886.4
2033,882.7,886.7
2034,882.2,889.2
2035,886.1,890.1
2036,886.0,890.0
2037,885.7,890.7
2038,885.1,889.1
2039,885.2,889.2
2040,882.6,889.6
2041,883.3,887.3
2042,883.4,887.4
2043,883.8,887.8
2044,881.5,887.5
2045,880.6,884.6
2046,879.8,884.8
2047,879.8,883.8
2048,880.0,884.0
2049,879.3,883.3
2050,879.5,885.5
2051,881.3,887.3
2052,884.2,889.2
2053,885.2,890.2
2054,884.2,890.2
2055,884.2,888.2
2056,884.2,889.2
2057,885.4,889.4
2058,884.6,888.6
2059,883.9,887.9
2060,883.5,887.5
2061,882.5,887.5
2062,879.2,886.2
2063,879.2,885.2
2064,882.0,886.0
2065,882.4,886.4
2066,879.9,886.9
2067,879.5,883.5
2068,878.8,885.8
2069,882.5,886.5
2070,882.4,886.4
2071,882.4,886.4
2072,882.2,886.2
2073,880.4,885.4
2074,879.9,884.9
2075,881.8,885.8
2076,882.2,886.2
2077,881.9,885.9
2078,882.7,886.7
2079,882.0,886.0
2080,881.4,885.4
2081,881.5,885.5
2082,881.4,885.4
2083,882.2,886.2
2084,881.8,885.8
2085,880.5,885.5
2086,871.3,884.3
2087,871.5,875.5
2088,871.8,875.8
2089,872.6,877.6
2090,873.5,877.5
2091,873.0,877.0
2092,871.9,876.9
2093,871.7,875.7
2094,871.7,875.7
2095,870.9,876.9
2096,873.4,877.4
2097,873.2,877.2
2098,873.2,878.2
2099,875.0,880.0
2100,876.0,883.0
2101,879.4,883.4
2102,880.0,884.0
2103,876.2,884.2
2104,876.2,880.2
2105,876.5,881.5
2106,877.5,881.5
2107,877.5,885.5
2108,882.2,886.2
2109,882.4,887.4
2110,882.7,887.7
2111,881.2,886.2
2112,880.2,884.2
2113,880.4,886.4
2114,880.8,886.8
2115,880.4,884.4
2116,881.2,885.2
2117,881.2,885.2
2118,881.0,885.0
2119,880.0,885.0
2120,879.2,883.2
2121,879.2,883.2
2122,878.4,882.4
2123,877.4,882.4
2124,876.9,880.9
2125,876.8,880.8
2126,877.0,881.0
2127,876.9,880.9
2128,876.8,880.8
2129,877.4,881.4
2130,877.5,881.5
2131,877.5,881.5
2132,878.0,884.0
2133,880.4,885.4
2134,882.0,886.0
2135,882.3,887.3
2136,882.5,887.5
2137,881.8,886.8
2138,882.5,887.5
2139,881.0,886.0
2140,880.8,884.8
2141,881.2,885.2
2142,881.2,885.2
2143,881.2,885.2
2144,881.2,885.2
2145,880.3,885.3
2146,880.0,884.0
2147,880.2,884.2
2148,880.2,887.2
2149,884.0,890.0
2150,886.0,890.0
2151,883.5,889.5
2152,883.4,889.4
2153,885.0,889.0
2154,903.0,906.0
2155,902.0,906.0
2156,903.0,912.0
2157,908.0,912.0
2158,908.0,913.0
2159,912.2,913.2
2160,907.4,908.4
2161,908.4,912.4
2162,912.8,914.8
2163,909.8,915.8
2164,908.8,917.8
2165,909.7,913.7
2166,913.8,914.8
2167,910.8,914.8
2168,909.9,914.9
2169,914.9,915.9
2170,907.9,914.9
2171,907.9,911.9
2172,907.0,914.0
2173,910.8,914.8
2174,911.4,915.4
2175,909.4,920.4
2176,914.6,918.6
2177,913.6,918.6
2178,907.7,918.7
2179,908.4,913.4
2180,908.4,914.4
2181,910.4,915.4
2182,911.8,923.8
2183,919.8,923.8
2184,920.0,928.0
2185,923.0,928.0
2186,921.9,929.9
2187,925.4,937.4
2188,933.2,938.2
2189,933.8,937.8
2190,933.4,937.4
2191,933.4,939.4
2192,936.2,940.2
2193,936.2,940.2
2194,936.2,944.2
2195,940.9,944.9
2196,941.8,945.8
2197,941.7,945.7
2198,941.7,945.7
2199,941.8,945.8
2200,941.9,945.9
2201,941.4,945.4
2202,940.9,945.9
2203,942.0,946.0
2204,940.5,945.5
2205,940.4,944.4
2206,941.0,945.0
2207,941.5,945.5
2208,942.2,946.2
2209,942.1,946.1
2210,943.0,947.0
2211,942.0,946.0
2212,936.2,945.2
2213,936.4,942.4
2214,938.9,942.9
2215,939.5,944.5
2216,940.6,944.6
2217,940.2,944.2
2218,939.9,943.9
2219,939.3,943.3
2220,939.0,943.0
2221,937.2,943.2
2222,937.2,941.2
2223,937.2,942.2
2224,937.4,942.4
2225,937.4,941.4
2226,937.9,941.9
2227,937.4,941.4
2228,937.3,941.3
2229,936.8,940.8
2230,936.8,944.8
2231,941.2,945.2
2232,940.8,944.8
2233,940.3,944.3
2234,941.2,945.2
2235,942.1,946.1
2236,942.1,946.1
2237,941.2,947.2
2238,941.5,946.5
2239,938.8,944.8
2240,936.5,942.5
2241,935.7,939.7
2242,935.8,939.8
2243,935.8,939.8
2244,935.8,944.8
2245,941.6,945.6
2246,939.0,945.0
2247,938.6,942.6
2248,937.9,941.9
2249,935.9,941.9
2250,935.8,939.8
2251,935.8,939.8
2252,935.5,939.5
2253,935.8,943.8
2254,939.8,943.8
2255,939.8,943.8
2256,940.0,944.0
2257,940.1,944.1
2258,939.8,944.8
2259,939.7,943.7
2260,938.2,944.2
2261,938.1,942.1
2262,938.1,942.1
2263,938.0,942.0
2264,938.0,942.0
2265,937.7,941.7
2266,937.7,942.7
2267,938.8,942.8
2268,937.1,942.1
2269,936.9,940.9
2270,935.9,940.9
2271,935.9,939.9
2272,935.4,939.4
2273,932.4,939.4
2274,931.0,936.0
2275,930.3,934.3
2276,930.3,934.3
2277,929.3,934.3
2278,929.2,934.2
2279,930.7,934.7
2280,929.0,935.0
2281,928.8,932.8
2282,928.8,932.8
2283,928.5,932.5
2284,928.5,932.5
2285,928.1,932.1
2286,928.9,932.9
2287,927.8,933.8
2288,927.2,931.2
2289,927.2,931.2
2290,927.2,932.2
2291,928.5,932.5
2292,928.5,932.5
2293,928.6,932.6
2294,929.3,933.3
2295,929.2,933.2
2296,929.8,933.8
2297,929.4,933.4
2298,928.6,933.6
2299,930.2,936.2
2300,931.2,936.2
2301,930.5,934.5
2302,930.4,934.4
2303,930.6,936.6
2304,932.9,937.9
2305,934.4,939.4
2306,935.8,939.8
2307,934.5,939.5
2308,933.5,938.5
2309,926.4,937.4
2310,925.9,929.9
2311,926.2,930.2
2312,925.0,930.0
2313,924.4,931.4
2314,928.0,932.0
2315,928.1,932.1
2316,928.0,932.0
2317,928.0,932.0
2318,928.2,932.2
2319,928.2,932.2
2320,928.0,933.0
2321,929.4,933.4
2322,929.8,933.8
2323,929.8,934.8
2324,931.0,935.0
2325,930.5,934.5
2326,931.2,935.2
2327,931.5,935.5
2328,931.4,936.4
2329,932.6,937.6
2330,934.0,938.0
2331,933.0,938.0
2332,932.0,937.0
2333,933.0,937.0
2334,932.2,936.2
2335,932.4,937.4
2336,933.1,938.1
2337,932.8,936.8
2338,932.8,936.8
2339,932.9,936.9
2340,931.4,936.4
2341,930.6,934.6
2342,931.2,935.2
2343,930.9,935.9
2344,932.2,936.2
2345,932.2,936.2
2346,931.8,935.8
2347,930.0,936.0
2348,929.6,934.6
2349,930.7,934.7
2350,930.8,934.8
2351,930.1,935.1
2352,927.5,933.5
2353,927.0,931.0
2354,927.6,931.6
2355,926.3,931.3
2356,925.4,929.4
2357,922.8,929.8
2358,922.4,926.4
2359,922.5,931.5
2360,927.6,931.6
2361,927.4,931.4
2362,927.5,932.5
2363,928.6,932.6
2364,928.4,933.4
2365,929.7,935.7
2366,931.7,936.7
2367,933.0,937.0
2368,933.0,937.0
2369,933.8,937.8
2370,933.8,937.8
2371,934.4,939.4
2372,934.8,938.8
2373,934.8,938.8
2374,935.4,939.4
2375,935.9,939.9
2376,935.9,939.9
2377,936.2,940.2
2378,936.8,941.8
2379,937.3,942.3
2380,933.6,940.6
2381,933.7,937.7
2382,934.2,938.2
2383,933.6,937.6
2384,934.0,938.0
2385,935.0,939.0
2386,934.2,938.2
2387,933.2,939.2
2388,933.9,938.9
2389,935.4,939.4
2390,934.8,938.8
2391,934.8,938.8
2392,934.2,938.2
2393,934.6,938.6
2394,934.7,940.7
2395,936.8,940.8
2396,937.2,943.2
2397,940.0,944.0
2398,940.0,944.0
2399,940.0,944.0
2400,940.9,944.9
2401,940.6,944.6
2402,940.8,944.8
2403,940.0,944.0
2404,940.4,944.4
2405,940.4,944.4
2406,940.4,945.4
2407,940.6,946.6
2408,941.5,945.5
2409,938.5,945.5
2410,938.8,942.8
2411,938.8,942.8
2412,937.9,942.9
2413,937.2,943.2
2414,939.2,944.2
2415,937.8,944.8
2416,937.0,941.0
2417,937.0,941.0
2418,936.4,940.4
2419,936.5,940.5
2420,936.5,940.5
2421,937.2,941.2
2422,936.2,941.2
2423,935.3,939.3
2424,934.2,939.2
2425,933.3,937.3
2426,932.8,936.8
2427,932.5,936.5
2428,932.6,936.6
2429,929.8,936.8
2430,929.0,933.0
2431,926.0,933.0
2432,925.5,929.5
2433,925.5,933.5
2434,929.5,933.5
2435,929.5,933.5
2436,928.8,932.8
2437,929.2,933.2
2438,929.8,933.8
2439,930.6,935.6
2440,932.0,936.0
2441,931.6,935.6
2442,928.2,935.2
2443,927.9,931.9
2444,927.7,931.7
2445,920.0,932.0
2446,919.2,924.2
2447,917.8,922.8
2448,917.4,921.4
2449,916.6,920.6
2450,917.0,922.0
2451,918.2,922.2
2452,916.6,922.6
2453,917.6,921.6
2454,917.6,926.6
2455,921.8,925.8
2456,921.5,925.5
2457,921.6,925.6
2458,922.4,926.4
2459,922.5,926.5
2460,922.6,926.6
2461,922.8,926.8
2462,922.8,926.8
2463,923.3,929.3
2464,925.5,929.5
2465,926.0,933.0
2466,929.0,933.0
2467,928.6,935.6
2468,932.2,936.2
2469,932.2,936.2
2470,932.0,937.0
2471,933.2,937.2
2472,933.2,937.2
2473,932.4,936.4
2474,933.3,937.3
2475,933.8,937.8
2476,933.8,937.8
2477,933.6,937.6
2478,933.3,937.3
2479,933.2,937.2
2480,931.0,938.0
2481,930.6,934.6
2482,929.7,933.7
2483,929.8,933.8
2484,928.8,932.8
2485,929.3,933.3
2486,930.0,934.0
2487,930.5,934.5
2488,931.0,935.0
2489,929.4,934.4
2490,929.3,936.3
2491,932.8,936.8
2492,932.8,936.8
2493,932.8,937.8
2494,934.4,938.4
2495,934.7,938.7
2496,934.2,938.2
2497,934.2,938.2
2498,934.2,938.2
2499,934.7,939.7
2500,935.8,939.8
2501,935.8,939.8
2502,935.8,939.8
2503,935.8,940.8
2504,936.8,940.8
2505,936.0,940.0
2506,936.0,940.0
2507,936.5,940.5
2508,936.5,941.5
2509,937.5,941.5
2510,937.5,941.5
2511,936.5,942.5
2512,938.4,942.4
2513,936.8,941.8
2514,936.4,940.4
2515,935.5,941.5
2516,936.5,940.5
2517,937.4,941.4
2518,937.4,941.4
2519,937.2,941.2
2520,937.2,941.2
2521,937.2,941.2
2522,937.1,941.1
2523,937.4,944.4
2524,940.8,944.8
2525,940.5,944.5
2526,940.8,944.8
2527,941.2,945.2
2528,941.9,945.9
2529,938.5,945.5
2530,938.2,943.2
2531,939.8,943.8
2532,939.4,943.4
2533,939.4,943.4
2534,939.4,943.4
2535,939.4,943.4
2536,939.4,943.4
2537,939.4,943.4
2538,939.4,943.4
2539,938.8,943.8
2540,938.2,942.2
2541,936.8,941.8
2542,936.8,941.8
2543,938.0,942.0
2544,938.0,942.0
2545,937.6,942.6
2546,939.2,945.2
2547,939.7,945.7
2548,939.4,943.4
2549,939.4,944.4
2550,939.5,944.5
2551,939.2,943.2
2552,939.2,943.2
2553,939.2,944.2
2554,940.8,944.8
2555,941.4,945.4
2556,939.2,945.2
2557,939.5,943.5
2558,938.5,943.5
2559,938.2,942.2
2560,938.4,942.4
2561,938.6,942.6
2562,937.6,942.6
2563,937.4,941.4
2564,937.4,941.4
2565,937.4,941.4
2566,937.5,941.5
2567,936.6,940.6
2568,935.4,941.4
2569,935.0,939.0
2570,934.5,938.5
2571,933.6,938.6
2572,933.4,938.4
2573,933.8,937.8
2574,934.2,938.2
2575,934.4,938.4
2576,934.4,943.4
2577,940.3,945.3
2578,941.5,946.5
2579,942.8,946.8
2580,943.7,947.7
2581,943.3,947.3
2582,944.0,948.0
2583,944.0,948.0
2584,943.9,947.9
2585,943.9,947.9
2586,942.9,947.9
2587,943.0,947.0
2588,942.9,947.9
2589,944.1,948.1
2590,943.2,947.2
2591,938.3,947.3
2592,938.0,942.0
2593,938.1,942.1
2594,938.6,942.6
2595,937.8,943.8
2596,940.7,944.7
2597,940.8,944.8
2598,940.2,944.2
2599,939.5,943.5
2600,939.4,943.4
2601,939.6,943.6
2602,939.6,944.6
2603,940.5,945.5
2604,940.2,944.2
2605,940.2,946.2
2606,942.4,946.4
2607,941.6,948.6
2608,944.5,948.5
2609,944.2,948.2
2610,944.0,948.0
2611,943.0,948.0
2612,941.1,946.1
2613,940.9,946.9
2614,943.5,947.5
2615,943.8,947.8
2616,943.9,947.9
2617,943.3,947.3
2618,943.3,948.3
2619,944.6,950.6
2620,947.2,953.2
2621,949.4,953.4
2622,949.4,953.4
2623,948.6,952.6
2624,948.6,952.6
2625,949.4,953.4
2626,949.4,953.4
2627,949.4,953.4
2628,948.6,952.6
2629,948.4,952.4
2630,947.6,951.6
2631,948.0,954.0
2632,950.2,954.2
2633,950.0,954.0
2634,948.0,954.0
2635,948.1,952.1
2636,947.3,951.3
2637,947.2,951.2
2638,946.4,950.4
2639,946.8,950.8
2640,946.4,950.4
2641,946.2,950.2
2642,945.8,950.8
2643,945.1,949.1
2644,944.8,948.8
2645,944.8,948.8
2646,944.8,948.8
2647,945.2,949.2
2648,944.2,949.2
2649,943.8,950.8
2650,946.8,950.8
2651,946.2,951.2
2652,945.6,949.6
2653,940.0,949.0
2654,939.8,943.8
2655,940.7,944.7
2656,941.5,945.5
2657,941.4,945.4
2658,941.5,945.5
2659,941.5,945.5
2660,941.7,945.7
2661,941.8,945.8
2662,941.8,945.8
2663,941.6,945.6
2664,942.2,946.2
2665,942.2,946.2
2666,942.0,946.0
2667,942.0,946.0
2668,937.5,946.5
2669,935.8,940.8
2670,934.5,939.5
2671,934.5,938.5
2672,934.7,938.7
2673,935.0,939.0
2674,934.6,938.6
2675,934.5,938.5
2676,934.6,938.6
2677,935.4,939.4
2678,934.8,938.8
2679,934.0,938.0
2680,930.3,938.3
2681,930.2,935.2
2682,931.5,938.5
2683,935.0,939.0
2684,935.0,939.0
2685,935.4,939.4
2686,935.2,939.2
2687,933.2,939.2
2688,932.8,937.8
2689,934.0,939.0
2690,935.1,939.1
2691,933.0,939.0
2692,929.6,936.6
2693,929.0,933.0
2694,926.0,933.0
2695,925.2,929.2
2696,924.9,928.9
2697,924.9,928.9
2698,924.4,930.4
2699,926.6,932.6
2700,928.2,932.2
2701,929.0,933.0
2702,928.4,932.4
2703,929.0,933.0
2704,927.7,932.7
2705,928.1,932.1
2706,927.4,931.4
2707,927.4,931.4
2708,926.5,930.5
2709,926.5,931.5
2710,925.3,930.3
2711,924.8,929.8
2712,926.4,930.4
2713,925.6,929.6
2714,925.8,929.8
2715,926.2,930.2
2716,926.2,933.2
2717,928.5,934.5
2718,931.2,935.2
2719,930.8,934.8
2720,929.5,934.5
2721,929.3,933.3
2722,929.4,933.4
2723,929.4,933.4
2724,929.2,933.2
2725,928.8,932.8
2726,928.6,932.6
2727,928.6,932.6
2728,928.8,932.8
2729,927.8,932.8
2730,927.3,931.3
2731,925.5,930.5
2732,925.3,931.3
2733,928.2,932.2
2734,928.2,932.2
2735,929.0,933.0
2736,929.6,933.6
2737,929.8,933.8
2738,929.9,933.9
2739,929.8,933.8
2740,929.8,936.8
2741,933.0,943.0
2742,938.2,943.2
2743,937.1,942.1
2744,936.8,940.8
2745,936.3,941.3
2746,938.2,943.2
2747,940.0,944.0
2748,940.0,944.0
2749,940.6,944.6
2750,940.5,944.5
2751,940.4,944.4
2752,940.6,944.6
2753,940.6,947.6
2754,944.2,948.2
2755,944.0,948.0
2756,944.6,948.6
2757,943.2,948.2
2758,942.0,947.0
2759,941.3,945.3
2760,941.4,945.4
2761,938.5,946.5
2762,938.8,943.8
2763,938.6,942.6
2764,938.3,942.3
2765,938.2,942.2
2766,938.2,943.2
2767,939.4,943.4
2768,939.4,943.4
2769,938.8,942.8
2770,939.2,944.2
2771,940.5,944.5
2772,940.4,944.4
2773,940.5,944.5
2774,940.6,944.6
2775,940.7,945.7
2776,942.2,946.2
2777,942.2,949.2
2778,945.8,950.8
2779,947.2,951.2
2780,946.4,952.4
2781,949.2,953.2
2782,948.3,953.3
2783,943.2,952.2
2784,943.2,947.2
2785,943.3,947.3
2786,943.7,947.7
2787,942.9,946.9
2788,942.8,946.8
2789,942.0,949.0
2790,945.4,950.4
2791,946.5,950.5
2792,946.5,950.5
2793,945.6,949.6
2794,942.3,949.3
2795,942.0,947.0
2796,943.2,947.2
2797,943.7,949.7
2798,946.0,950.0
2799,946.0,950.0
2800,946.0,950.0
2801,945.8,949.8
2802,945.0,950.0
2803,942.2,951.2
2804,943.5,947.5
2805,942.0,947.0
2806,941.4,945.4
2807,941.4,947.4
2808,944.2,948.2
2809,944.5,948.5
2810,945.4,949.4
2811,945.8,950.8
2812,947.0,952.0
2813,946.8,952.8
2814,946.0,950.0
2815,946.0,950.0
2816,945.7,950.7
2817,946.6,951.6
2818,947.8,951.8
2819,947.8,951.8
2820,947.2,951.2
2821,947.1,951.1
2822,947.2,953.2
2823,950.2,956.2
2824,952.2,956.2
2825,952.0,957.0
2826,951.3,957.3
2827,946.1,955.1
2828,946.0,950.0
2829,945.6,950.6
2830,947.3,951.3
2831,946.4,950.4
2832,945.8,949.8
2833,945.8,949.8
2834,945.8,949.8
2835,945.8,949.8
2836,945.4,950.4
2837,945.0,949.0
2838,944.6,948.6
2839,944.9,948.9
2840,944.4,948.4
2841,943.6,947.6
2842,943.4,948.4
2843,943.1,948.1
2844,942.2,946.2
2845,942.2,946.2
2846,942.2,946.2
2847,941.2,946.2
2848,940.4,944.4
2849,939.2,944.2
2850,938.8,943.8
2851,940.2,944.2
2852,940.2,944.2
2853,940.6,945.6
2854,942.4,947.4
2855,942.4,948.4
2856,941.6,945.6
2857,941.4,945.4
2858,940.4,945.4
2859,942.2,946.2
2860,940.8,945.8
2861,941.2,945.2
2862,941.2,945.2
2863,940.2,944.2
2864,939.8,943.8
2865,939.8,943.8
2866,940.2,944.2
2867,939.4,943.4
2868,940.1,944.1
2869,939.0,944.0
2870,938.6,942.6
2871,936.5,942.5
2872,935.8,939.8
2873,933.6,939.6
2874,933.8,938.8
2875,934.2,938.2
2876,935.2,939.2
2877,935.2,939.2
2878,935.4,939.4
2879,935.3,941.3
2880,935.6,941.6
2881,935.9,939.9
2882,935.2,939.2
2883,935.2,939.2
2884,935.9,939.9
2885,935.7,940.7
2886,937.4,942.4
2887,937.1,943.1
2888,937.1,941.1
2889,937.7,941.7
2890,937.8,941.8
2891,938.5,943.5
2892,940.0,944.0
2893,940.1,944.1
2894,940.3,944.3
2895,940.4,944.4
2896,940.4,944.4
2897,940.4,944.4
2898,939.4,944.4
2899,937.8,942.8
2900,938.5,942.5
2901,938.4,942.4
2902,937.4,942.4
2903,937.2,942.2
2904,938.2,942.2
2905,938.2,943.2
2906,939.6,943.6
2907,939.6,943.6
2908,939.0,944.0
2909,938.0,943.0
2910,938.1,942.1
2911,938.4,942.4
2912,936.5,942.5
2913,937.0,941.0
2914,937.8,941.8
2915,936.8,941.8
2916,937.2,942.2
2917,938.5,942.5
2918,938.7,942.7
2919,938.5,943.5
2920,939.0,944.0
2921,938.8,942.8
2922,938.5,942.5
2923,938.4,943.4
2924,939.5,943.5
2925,939.5,944.5
2926,941.4,946.4
2927,942.8,946.8
2928,943.0,947.0
2929,943.0,947.0
2930,943.8,948.8
2931,944.4,948.4
2932,944.5,948.5
2933,944.0,948.0
2934,943.2,948.2
2935,942.5,946.5
2936,941.2,946.2
2937,941.5,945.5
2938,941.1,945.1
2939,938.9,944.9
2940,937.8,942.8
2941,937.4,941.4
2942,936.6,940.6
2943,936.6,940.6
2944,936.9,940.9
2945,937.5,941.5
2946,935.8,941.8
2947,935.6,939.6
2948,936.1,940.1
2949,936.1,940.1
2950,936.1,940.1
2951,935.3,939.3
2952,934.8,938.8
2953,934.7,938.7
2954,934.4,939.4
2955,935.0,939.0
2956,935.0,939.0
2957,934.8,938.8
2958,934.7,939.7
2959,935.5,939.5
2960,933.0,940.0
2961,932.2,936.2
2962,931.6,935.6
2963,931.6,935.6
2964,931.6,935.6
2965,931.7,935.7
2966,931.8,935.8
2967,931.8,935.8
2968,931.6,935.6
2969,931.1,935.1
2970,930.5,935.5
2971,931.8,935.8
2972,931.7,935.7
2973,930.6,935.6
2974,928.8,934.8
2975,928.2,932.2
2976,927.2,931.2
2977,927.1,931.1
2978,925.1,931.1
2979,925.0,930.0
2980,926.2,930.2
2981,925.8,929.8
2982,925.4,929.4
2983,925.2,931.2
2984,927.9,931.9
2985,924.8,931.8
2986,924.8,928.8
2987,925.4,929.4
2988,926.0,931.0
2989,927.1,931.1
2990,927.1,931.1
2991,926.9,931.9
2992,926.4,930.4
2993,927.4,932.4
2994,927.8,932.8
2995,927.8,931.8
2996,927.9,931.9
2997,927.8,931.8
2998,927.5,931.5
2999,926.9,930.9
3000,927.4,931.4
3001,927.8,931.8
3002,928.4,935.4
3003,931.4,935.4
3004,930.9,934.9
3005,931.2,937.2
3006,933.2,937.2
3007,933.2,937.2
3008,933.0,937.0
3009,932.8,936.8
3010,932.8,936.8
3011,933.2,937.2
3012,934.0,938.0
3013,934.5,938.5
3014,933.4,938.4
3015,932.8,936.8
3016,932.8,937.8
3017,932.6,937.6
3018,932.6,936.6
3019,933.5,939.5
3020,936.0,940.0
3021,935.8,939.8
3022,935.6,940.6
3023,936.8,940.8
3024,937.2,941.2
3025,936.6,940.6
3026,937.2,941.2
3027,936.9,941.9
3028,938.4,942.4
3029,938.0,942.0
3030,936.0,942.0
3031,934.5,939.5
3032,934.4,938.4
3033,934.1,938.1
3034,934.2,938.2
3035,933.3,938.3
3036,932.5,936.5
3037,932.0,936.0
3038,932.3,936.3
3039,932.8,936.8
3040,933.0,937.0
3041,932.2,937.2
3042,932.1,936.1
3043,932.4,936.4
3044,932.4,936.4
3045,930.2,936.2
3046,929.4,933.4
3047,929.6,933.6
3048,928.6,933.6
3049,928.4,932.4
3050,928.0,933.0
3051,927.9,931.9
3052,927.5,931.5
3053,925.3,932.3
3054,925.2,929.2
3055,924.7,928.7
3056,924.8,928.8
3057,924.8,928.8
3058,924.8,928.8
3059,922.1,928.1
3060,922.4,926.4
3061,922.4,926.4
3062,922.2,926.2
3063,921.6,925.6
3064,913.0,925.0
3065,911.2,916.2
3066,905.0,915.0
3067,899.5,908.5
3068,899.2,903.2
3069,899.0,905.0
3070,900.2,904.2
3071,900.5,904.5
3072,899.7,904.7
3073,899.2,906.2
3074,902.4,906.4
3075,900.5,906.5
3076,899.6,904.6
3077,901.0,905.0
3078,893.0,905.0
3079,889.8,896.8
3080,889.2,893.2
3081,889.2,893.2
3082,889.3,893.3
3083,889.3,893.3
3084,889.3,893.3
3085,888.3,893.3
3086,888.0,893.0
3087,889.1,893.1
3088,888.4,892.4
3089,888.4,892.4
3090,887.4,893.4
3091,889.6,894.6
3092,890.7,894.7
3093,890.2,895.2
3094,891.2,895.2
3095,890.5,894.5
3096,889.8,894.8
3097,889.5,893.5
3098,889.5,894.5
3099,888.5,895.5
3100,889.6,893.6
3101,889.6,893.6
3102,889.0,893.0
3103,887.0,892.0
3104,887.0,897.0
3105,893.8,899.8
3106,896.5,905.5
3107,901.1,905.1
3108,899.9,904.9
3109,899.0,904.0
3110,898.4,902.4
3111,899.4,904.4
3112,901.2,905.2
3113,901.4,905.4
3114,900.3,905.3
3115,900.0,905.0
3116,899.5,905.5
3117,900.1,907.1
3118,903.4,908.4
3119,904.5,909.5
3120,906.1,911.1
3121,907.2,911.2
3122,906.8,910.8
3123,906.6,910.6
3124,906.4,910.4
3125,906.3,910.3
3126,906.2,910.2
3127,905.5,912.5
3128,908.6,912.6
3129,908.9,912.9
3130,905.9,912.9
3131,905.2,909.2
3132,905.2,912.2
3133,907.6,911.6
3134,905.8,911.8
3135,907.5,912.5
3136,905.6,912.6
3137,904.7,908.7
3138,905.3,909.3
3139,905.2,911.2
3140,907.5,914.5
3141,911.0,915.0
3142,910.0,915.0
3143,907.5,915.5
3144,908.9,912.9
3145,907.6,913.6
3146,905.4,911.4
3147,905.4,909.4
3148,905.6,909.6
3149,906.2,910.2
3150,906.2,910.2
3151,906.4,910.4
3152,907.2,912.2
3153,908.7,912.7
3154,908.5,912.5
3155,906.8,911.8
3156,904.0,910.0
3157,903.9,907.9
3158,903.9,907.9
3159,904.2,908.2
3160,903.4,907.4
3161,902.4,907.4
3162,900.4,906.4
3163,900.2,904.2
3164,900.2,904.2
3165,900.5,904.5
3166,900.4,904.4
3167,900.3,904.3
3168,900.3,904.3
3169,901.2,905.2
3170,901.2,912.2
3171,906.5,912.5
3172,905.2,910.2
3173,902.8,908.8
3174,902.6,906.6
3175,902.5,906.5
3176,902.5,908.5
3177,904.6,908.6
3178,905.5,910.5
3179,906.9,910.9
3180,906.0,910.0
3181,905.2,909.2
3182,905.2,909.2
3183,904.6,909.6
3184,906.0,910.0
3185,905.4,909.4
3186,905.8,909.8
3187,906.0,911.0
3188,907.4,911.4
3189,907.1,911.1
3190,907.2,911.2
3191,906.8,910.8
3192,907.0,911.0
3193,907.0,911.0
3194,906.2,910.2
3195,907.0,911.0
3196,906.9,910.9
3197,906.9,910.9
3198,906.8,910.8
3199,907.6,911.6
3200,907.5,911.5
3201,907.6,911.6
3202,907.4,911.4
3203,905.7,910.7
3204,905.6,909.6
3205,904.6,909.6
3206,904.5,908.5
3207,904.8,908.8
3208,905.0,909.0
3209,905.0,909.0
3210,903.7,908.7
3211,904.0,908.0
3212,903.1,908.1
3213,902.6,906.6
3214,901.7,905.7
3215,901.9,906.9
3216,903.4,907.4
3217,903.3,907.3
3218,903.3,907.3
3219,903.2,910.2
3220,907.0,913.0
3221,909.3,913.3
3222,909.4,913.4
3223,909.6,913.6
3224,909.8,915.8
3225,912.3,916.3
3226,912.0,917.0
3227,912.5,916.5
3228,912.2,916.2
3229,912.4,916.4
3230,912.4,916.4
3231,911.4,916.4
3232,911.0,915.0
3233,910.8,914.8
3234,911.1,916.1
3235,911.8,916.8
3236,911.2,916.2
3237,913.0,917.0
3238,913.2,917.2
3239,910.6,916.6
3240,909.0,914.0
3241,908.4,912.4
3242,908.3,912.3
3243,908.3,912.3
3244,906.6,912.6
3245,906.4,910.4
3246,904.4,910.4
3247,903.7,907.7
3248,903.2,907.2
3249,903.0,907.0
3250,902.8,907.8
3251,902.3,906.3
3252,902.3,906.3
3253,901.0,906.0
3254,900.0,904.0
3255,896.2,903.2
3256,894.4,899.4
3257,892.2,898.2
3258,891.8,895.8
3259,891.8,895.8
3260,891.8,895.8
3261,891.7,895.7
3262,892.2,898.2
3263,890.2,899.2
3264,889.9,893.9
3265,890.1,894.1
3266,889.8,893.8
3267,890.4,894.4
3268,889.4,895.4
3269,889.6,894.6
3270,891.0,895.0
3271,891.5,895.5
3272,891.9,895.9
3273,891.9,895.9
3274,891.2,896.2
3275,889.9,895.9
3276,890.0,896.0
3277,892.2,897.2
3278,893.2,897.2
3279,893.0,897.0
3280,893.2,897.2
3281,893.2,898.2
3282,895.1,899.1
3283,893.9,898.9
3284,893.4,897.4
3285,894.0,898.0
3286,894.0,898.0
3287,894.5,899.5
3288,896.0,900.0
3289,896.1,900.1
3290,895.1,900.1
3291,894.5,898.5
3292,894.3,900.3
3293,895.8,900.8
3294,896.5,901.5
3295,894.8,899.8
3296,894.6,900.6
3297,897.6,903.6
3298,898.8,903.8
3299,899.3,903.3
3300,899.2,903.2
3301,898.5,904.5
3302,901.0,905.0
3303,900.8,904.8
3304,900.8,904.8
3305,900.9,904.9
3306,900.5,904.5
3307,900.8,905.8
3308,901.4,906.4
3309,902.2,907.2
3310,900.4,906.4
3311,901.2,905.2
3312,899.2,904.2
3313,898.2,903.2
3314,897.6,901.6
3315,898.0,902.0
3316,897.7,901.7
3317,897.6,901.6
3318,897.6,901.6
3319,895.8,900.8
3320,892.3,899.3
3321,891.5,895.5
3322,889.0,895.0
3323,889.4,893.4
3324,889.3,893.3
3325,889.3,894.3
3326,891.0,895.0
3327,891.4,895.4
3328,891.4,895.4
3329,891.5,895.5
3330,891.5,896.5
3331,892.1,896.1
3332,891.4,895.4
3333,891.4,895.4
3334,891.4,895.4
3335,891.8,895.8
3336,891.0,895.0
3337,890.4,895.4
3338,889.8,894.8
3339,889.8,893.8
3340,889.8,895.8
3341,892.0,896.0
3342,892.0,896.0
3343,892.0,896.0
3344,892.4,896.4
3345,892.0,896.0
3346,892.6,897.6
3347,894.4,898.4
3348,894.3,900.3
3349,897.2,901.2
3350,897.6,901.6
3351,898.2,902.2
3352,897.4,902.4
3353,895.2,901.2
3354,895.3,899.3
3355,895.7,899.7
3356,896.3,900.3
3357,896.2,900.2
3358,896.0,900.0
3359,896.2,900.2
3360,896.0,900.0
3361,895.8,899.8
3362,895.0,900.0
3363,896.8,903.8
3364,899.4,903.4
3365,897.5,903.5
3366,897.4,901.4
3367,897.4,901.4
3368,896.6,900.6
3369,897.0,901.0
3370,896.4,900.4
3371,896.4,900.4
3372,896.2,900.2
3373,896.5,901.5
3374,897.0,902.0
3375,896.4,900.4
3376,896.6,900.6
3377,897.0,901.0
3378,897.9,901.9
3379,898.5,904.5
3380,900.8,904.8
3381,900.8,906.8
3382,902.3,907.3
3383,901.8,905.8
3384,896.9,904.9
3385,896.8,900.8
3386,895.6,900.6
3387,895.2,899.2
3388,896.0,900.0
3389,895.8,899.8
3390,895.8,899.8
3391,896.0,900.0
3392,896.4,900.4
3393,896.4,900.4
3394,897.2,901.2
3395,897.4,901.4
3396,897.4,903.4
3397,899.2,904.2
3398,898.8,902.8
3399,899.4,903.4
3400,898.6,902.6
3401,898.6,902.6
3402,899.5,903.5
3403,899.6,903.6
3404,898.8,903.8
3405,900.0,904.0
3406,900.4,904.4
3407,900.0,906.0
3408,902.1,906.1
3409,902.2,906.2
3410,899.2,906.2
3411,898.2,902.2
3412,898.0,902.0
3413,896.2,901.2
3414,896.8,900.8
3415,896.7,901.7
3416,894.0,900.0
3417,893.5,897.5
3418,892.4,899.4
3419,894.0,898.0
3420,893.0,898.0
3421,891.4,896.4
3422,891.2,895.2
3423,892.2,896.2
3424,893.0,897.0
3425,893.0,897.0
3426,893.4,899.4
3427,896.3,901.3
3428,896.4,901.4
3429,896.3,900.3
3430,896.4,900.4
3431,896.7,902.7
3432,899.5,903.5
3433,898.6,902.6
3434,897.8,901.8
3435,898.2,902.2
3436,897.4,901.4
3437,897.4,901.4
3438,897.5,901.5
3439,897.7,901.7
3440,892.4,901.4
3441,892.0,896.0
3442,892.0,896.0
3443,892.0,896.0
3444,888.4,896.4
3445,888.1,892.1
3446,888.1,897.1
3447,893.1,897.1
3448,893.6,897.6
3449,893.6,897.6
3450,894.2,898.2
3451,893.8,897.8
3452,890.5,898.5
3453,890.5,894.5
3454,890.7,894.7
3455,891.2,896.2
3456,892.0,897.0
3457,890.1,895.1
3458,889.5,893.5
3459,890.0,894.0
3460,889.0,894.0
3461,890.4,894.4
3462,890.6,897.6
3463,893.4,898.4
3464,893.2,897.2
3465,893.2,897.2
3466,893.0,898.0
3467,894.6,898.6
3468,893.6,898.6
3469,893.2,898.2
3470,894.2,898.2
3471,894.6,898.6
3472,894.6,898.6
3473,893.6,899.6
3474,894.8,899.8
3475,896.2,901.2
3476,897.6,901.6
3477,897.6,901.6
3478,898.2,902.2
3479,897.6,902.6
3480,898.6,902.6
3481,897.6,902.6
3482,897.4,903.4
3483,900.0,904.0
3484,899.5,903.5
3485,899.4,903.4
3486,899.7,903.7
3487,899.2,903.2
3488,899.2,904.2
3489,901.0,905.0
3490,900.4,904.4
3491,898.8,903.8
3492,898.4,902.4
3493,897.4,902.4
3494,898.8,902.8
3495,898.8,903.8
3496,898.8,903.8
3497,898.2,903.2
3498,898.2,902.2
3499,898.3,902.3
3500,898.5,902.5
3501,898.5,902.5
3502,899.0,903.0
3503,898.8,902.8
3504,898.8,902.8
3505,898.2,902.2
3506,898.0,902.0
3507,898.1,902.1
3508,898.8,904.8
3509,901.3,905.3
3510,901.5,906.5
3511,902.5,907.5
3512,903.8,907.8
3513,904.2,909.2
3514,905.2,909.2
3515,905.8,909.8
3516,905.9,911.9
3517,908.6,912.6
3518,909.4,913.4
3519,909.4,913.4
3520,908.8,912.8
3521,907.8,913.8
3522,907.7,912.7
3523,907.7,911.7
3524,908.0,912.0
3525,908.0,912.0
3526,907.9,911.9
3527,907.8,912.8
3528,906.9,910.9
3529,907.5,911.5
3530,906.2,911.2
3531,906.2,910.2
3532,906.5,916.5
3533,912.8,916.8
3534,912.0,917.0
3535,913.0,917.0
3536,912.8,917.8
3537,913.5,918.5
3538,913.0,917.0
3539,912.5,916.5
3540,911.5,916.5
3541,910.4,915.4
3542,909.1,914.1
3543,909.1,913.1
3544,908.9,912.9
3545,909.0,913.0
3546,908.7,913.7
3547,909.9,913.9
3548,909.9,913.9
3549,909.7,913.7
3550,909.6,913.6
3551,909.6,913.6
3552,910.0,914.0
3553,910.1,914.1
3554,909.3,914.3
3555,910.4,916.4
3556,912.7,916.7
3557,913.0,917.0
3558,913.8,918.8
3559,913.8,918.8
3560,913.6,917.6
3561,913.8,917.8
3562,914.4,919.4
3563,915.4,921.4
3564,917.6,924.6
3565,921.1,928.1
3566,924.7,928.7
3567,924.8,928.8
3568,922.6,928.6
3569,922.5,926.5
3570,922.1,926.1
3571,922.1,928.1
3572,924.1,929.1
3573,925.4,929.4
3574,924.9,929.9
3575,925.4,930.4
3576,924.0,930.0
3577,924.8,930.8
3578,926.8,930.8
3579,927.8,931.8
3580,927.8,932.8
3581,928.3,932.3
3582,928.3,932.3
3583,928.4,932.4
3584,926.4,932.4
3585,925.6,929.6
3586,925.6,933.6
3587,930.3,935.3
3588,931.5,935.5
3589,931.5,935.5
3590,932.3,936.3
3591,932.6,944.6
3592,939.0,945.0
3593,936.2,942.2
3594,936.4,940.4
3595,936.4,940.4
3596,936.3,942.3
3597,939.0,943.0
3598,938.0,943.0
3599,937.5,941.5
3600,936.5,942.5
3601,938.8,942.8
3602,939.0,943.0
3603,939.0,943.0
3604,939.1,943.1
3605,939.1,943.1
3606,938.2,942.2
3607,938.6,943.6
3608,939.6,943.6
3609,939.4,943.4
3610,939.0,943.0
3611,939.2,943.2
3612,939.2,943.2
3613,939.0,943.0
3614,939.0,943.0
3615,939.4,943.4
3616,939.5,943.5
3617,939.5,943.5
3618,939.2,943.2
3619,934.6,942.6
3620,934.8,939.8
3621,935.1,939.1
3622,934.8,938.8
3623,935.2,939.2
3624,930.6,938.6
3625,928.9,934.9
3626,930.2,934.2
3627,930.5,934.5
3628,930.5,934.5
3629,929.4,935.4
3630,929.7,933.7
3631,929.2,933.2
3632,927.9,932.9
3633,926.5,931.5
3634,926.4,931.4
3635,927.4,931.4
3636,927.1,931.1
3637,926.4,930.4
3638,925.5,929.5
3639,924.0,929.0
3640,919.4,927.4
3641,918.3,923.3
3642,918.8,923.8
3643,920.0,924.0
3644,920.0,924.0
3645,920.4,924.4
3646,921.2,926.2
3647,922.8,926.8
3648,922.8,928.8
3649,924.8,928.8
3650,924.4,928.4
3651,924.3,928.3
3652,924.4,928.4
3653,925.2,929.2
3654,925.4,929.4
3655,923.4,929.4
3656,922.5,926.5
3657,922.0,926.0
3658,922.2,926.2
3659,921.9,927.9
3660,924.4,928.4
3661,924.4,928.4
3662,923.6,927.6
3663,923.2,928.2
3664,919.4,926.4
3665,919.0,923.0
3666,916.8,924.8
3667,919.2,923.2
3668,919.6,924.6
3669,921.4,925.4
3670,920.9,924.9
3671,920.9,924.9
3672,921.0,925.0
3673,921.6,926.6
3674,922.6,928.6
3675,923.2,929.2
3676,922.8,926.8
3677,922.9,926.9
3678,922.9,929.9
3679,926.3,930.3
3680,926.4,930.4
3681,926.0,930.0
3682,926.6,930.6
3683,926.0,930.0
3684,925.1,929.1
3685,925.0,929.0
3686,924.1,928.1
3687,924.4,928.4
3688,923.0,929.0
3689,921.8,926.8
3690,921.6,925.6
3691,920.7,924.7
3692,919.9,923.9
3693,919.9,923.9
3694,919.5,923.5
3695,918.8,922.8
3696,917.8,923.8
3697,917.9,922.9
3698,916.1,922.1
3699,915.8,921.8
3700,918.0,922.0
3701,915.3,922.3
3702,914.4,918.4
3703,914.5,918.5
3704,914.5,918.5
3705,914.5,918.5
3706,914.6,919.6
3707,915.0,919.0
3708,914.6,920.6
3709,917.2,923.2
3710,919.5,923.5
3711,919.2,924.2
3712,919.8,924.8
3713,919.7,923.7
3714,919.4,923.4
3715,919.4,923.4
3716,919.2,923.2
3717,914.2,923.2
3718,912.9,917.9
3719,909.4,916.4
3720,908.7,913.7
3721,910.3,914.3
3722,909.4,914.4
3723,909.0,913.0
3724,909.0,914.0
3725,908.9,912.9
3726,907.4,912.4
3727,907.2,915.2
3728,911.8,915.8
3729,912.8,916.8
3730,912.7,916.7
3731,911.6,916.6
3732,910.9,914.9
3733,910.0,914.0
3734,909.9,913.9
3735,909.9,913.9
3736,910.2,914.2
3737,909.6,913.6
3738,909.4,913.4
3739,909.2,913.2
3740,908.6,912.6
3741,907.6,912.6
3742,906.7,910.7
3743,906.8,910.8
3744,905.9,909.9
3745,906.0,910.0
3746,905.2,910.2
3747,906.8,912.8
3748,909.0,913.0
3749,909.8,913.8
3750,908.6,914.6
3751,909.4,913.4
3752,909.4,913.4
3753,909.4,914.4
3754,911.1,915.1
3755,911.6,915.6
3756,912.2,916.2
3757,911.6,915.6
3758,909.6,915.6
3759,905.5,913.5
3760,905.2,909.2
3761,905.4,909.4
3762,906.1,911.1
3763,907.4,911.4
3764,908.1,912.1
3765,907.8,913.8
3766,909.8,913.8
3767,910.4,914.4
3768,911.2,915.2
3769,905.0,915.0
3770,902.8,908.8
3771,902.5,906.5
3772,901.4,906.4
3773,900.6,904.6
3774,900.6,904.6
3775,900.6,904.6
3776,898.8,904.8
3777,898.5,903.5
3778,899.8,903.8
3779,899.8,903.8
3780,900.2,904.2
3781,900.5,904.5
3782,900.5,905.5
3783,902.4,906.4
3784,902.0,906.0
3785,900.9,905.9
3786,900.2,904.2
3787,900.8,904.8
3788,900.4,904.4
3789,901.3,905.3
3790,901.2,905.2
3791,901.8,905.8
3792,901.9,905.9
3793,901.4,906.4
3794,901.4,905.4
3795,901.2,907.2
3796,903.4,907.4
3797,902.4,907.4
3798,901.9,906.9
3799,901.8,907.8
3800,901.2,905.2
3801,901.4,905.4
3802,901.4,905.4
3803,900.4,904.4
3804,900.4,904.4
3805,900.2,904.2
3806,899.2,904.2
3807,898.6,903.6
3808,897.4,904.4
3809,897.4,901.4
3810,897.0,901.0
3811,896.5,900.5
3812,897.2,901.2
3813,897.4,901.4
3814,897.0,903.0
3815,897.5,901.5
3816,898.2,903.2
3817,899.3,903.3
3818,899.3,906.3
3819,901.9,905.9
3820,901.4,905.4
3821,901.0,906.0
3822,901.9,906.9
3823,902.0,906.0
3824,902.4,906.4
3825,901.5,905.5
3826,901.2,905.2
3827,901.2,905.2
3828,900.3,905.3
3829,900.2,904.2
3830,900.2,904.2
3831,900.2,904.2
3832,900.2,904.2
3833,900.8,904.8
3834,899.8,906.8
3835,902.0,906.0
3836,896.0,906.0
3837,895.4,899.4
3838,895.6,899.6
3839,896.0,900.0
3840,897.0,901.0
3841,896.5,902.5
3842,898.5,903.5
3843,900.4,904.4
3844,900.2,904.2
3845,900.8,904.8
3846,900.0,904.0
3847,900.2,904.2
3848,900.2,905.2
3849,901.0,905.0
3850,901.8,905.8
3851,901.6,905.6
3852,901.8,907.8
3853,904.2,908.2
3854,904.2,908.2
3855,904.1,908.1
3856,904.2,908.2
3857,903.2,907.2
3858,902.5,906.5
3859,903.2,907.2
3860,903.7,908.7
3861,905.5,912.5
3862,908.7,912.7
3863,908.9,912.9
3864,908.9,912.9
3865,908.8,912.8
3866,908.6,913.6
3867,908.7,914.7
3868,908.6,914.6
3869,909.5,922.5
3870,918.6,922.6
3871,918.8,922.8
3872,919.4,923.4
3873,918.4,922.4
3874,917.6,924.6
3875,918.8,924.8
3876,917.8,921.8
3877,917.9,922.9
3878,919.0,923.0
3879,918.9,922.9
3880,918.0,922.0
3881,914.9,922.9
3882,913.2,919.2
3883,913.4,917.4
3884,914.2,918.2
3885,914.3,918.3
3886,913.8,917.8
3887,913.1,918.1
3888,914.2,918.2
3889,914.2,918.2
3890,914.2,919.2
3891,915.4,919.4
3892,914.6,918.6
3893,913.4,918.4
3894,913.4,917.4
3895,913.2,917.2
3896,913.5,917.5
3897,913.4,918.4
3898,913.2,917.2
3899,912.4,916.4
3900,911.4,917.4
3901,911.2,915.2
3902,911.3,915.3
3903,911.3,917.3
3904,912.8,917.8
3905,914.2,919.2
3906,914.4,918.4
3907,914.2,918.2
3908,913.8,917.8
3909,914.4,920.4
3910,915.6,920.6
3911,915.4,919.4
3912,916.0,921.0
3913,917.5,921.5
3914,917.7,923.7
3915,919.7,923.7
3916,920.6,924.6
3917,920.8,924.8
3918,920.2,924.2
3919,920.4,924.4
3920,920.6,924.6
3921,921.0,925.0
3922,920.9,924.9
3923,920.8,924.8
3924,920.3,924.3
3925,919.6,923.6
3926,918.6,923.6
3927,917.6,922.6
3928,914.2,921.2
3929,913.0,918.0
3930,912.8,917.8
3931,914.0,920.0
3932,916.1,920.1
3933,915.4,919.4
3934,916.2,921.2
3935,917.2,923.2
3936,919.7,925.7
3937,921.7,927.7
3938,924.2,928.2
3939,924.2,928.2
3940,922.6,929.6
3941,923.6,929.6
3942,926.2,930.2
3943,924.2,929.2
3944,924.7,928.7
3945,924.5,928.5
3946,923.5,928.5
3947,922.2,927.2
3948,921.4,925.4
3949,920.5,924.5
3950,919.6,923.6
3951,920.2,924.2
3952,919.0,924.0
3953,916.4,922.4
3954,914.9,919.9
3955,910.4,918.4
3956,909.8,915.8
3957,912.7,920.7
3958,916.8,920.8
3959,917.0,925.0
3960,921.1,925.1
3961,921.1,925.1
3962,920.0,926.0
3963,921.0,925.0
3964,921.6,926.6
3965,923.2,927.2
3966,923.4,927.4
3967,922.6,926.6
3968,923.0,927.0
3969,922.9,926.9
3970,922.9,926.9
3971,923.0,927.0
3972,922.9,927.9
3973,924.0,928.0
3974,924.0,928.0
3975,923.0,927.0
3976,922.5,927.5
3977,920.4,926.4
3978,920.2,927.2
3979,922.6,926.6
3980,921.8,925.8
3981,922.0,930.0
3982,926.2,930.2
3983,924.9,929.9
3984,924.5,928.5
3985,924.9,928.9
3986,924.2,929.2
3987,922.7,927.7
3988,918.2,926.2
3989,916.4,922.4
3990,914.4,919.4
3991,911.4,918.4
3992,910.7,915.7
3993,911.9,915.9
3994,911.7,915.7
3995,912.0,917.0
3996,913.4,917.4
3997,914.2,918.2
3998,914.0,918.0
3999,913.0,918.0
4000,912.2,916.2
4001,912.4,917.4
4002,913.4,918.4
4003,911.2,917.2
4004,910.6,914.6
4005,911.2,915.2
4006,911.3,916.3
4007,912.4,916.4
4008,912.4,918.4
4009,914.6,918.6
4010,913.6,917.6
4011,914.5,918.5
4012,914.5,920.5
4013,917.2,922.2
4014,918.6,922.6
4015,919.2,923.2
4016,919.2,923.2
4017,917.9,923.9
4018,917.2,921.2
4019,917.4,924.4
4020,920.4,924.4
4021,920.6,924.6
4022,919.6,924.6
4023,918.5,923.5
4024,919.2,923.2
4025,918.6,922.6
4026,918.2,922.2
4027,918.4,922.4
4028,919.1,923.1
4029,918.7,922.7
4030,915.7,922.7
4031,915.2,919.2
4032,915.0,920.0
4033,916.6,920.6
4034,917.4,921.4
4035,916.4,921.4
4036,915.5,919.5
4037,915.4,919.4
4038,915.6,919.6
4039,916.0,920.0
4040,915.5,919.5
4041,916.4,920.4
4042,915.8,919.8
4043,916.3,920.3
4044,917.2,921.2
4045,914.5,921.5
4046,914.5,918.5
4047,914.5,918.5
4048,915.2,919.2
4049,915.2,919.2
4050,915.4,919.4
4051,915.1,920.1
4052,914.7,919.7
4053,914.2,918.2
4054,914.2,919.2
4055,915.5,919.5
4056,914.7,920.7
4057,916.4,920.4
4058,914.4,920.4
4059,914.5,918.5
4060,914.4,918.4
4061,914.4,918.4
4062,909.5,918.5
4063,909.4,913.4
4064,909.4,913.4
4065,908.8,912.8
4066,909.5,913.5
4067,908.5,913.5
4068,908.5,913.5
4069,909.8,913.8
4070,909.5,913.5
4071,909.5,913.5
4072,910.2,914.2
4073,910.2,914.2
4074,910.2,914.2
4075,910.6,914.6
4076,910.4,914.4
4077,908.6,913.6
4078,908.2,913.2
4079,909.2,913.2
4080,909.2,913.2
4081,909.2,916.2
4082,912.6,917.6
4083,914.2,921.2
4084,917.1,922.1
4085,917.5,921.5
4086,916.6,920.6
4087,916.0,920.0
4088,916.6,920.6
4089,915.9,920.9
4090,916.4,920.4
4091,911.8,919.8
4092,911.8,915.8
4093,912.2,916.2
4094,912.2,920.2
4095,915.4,920.4
4096,915.2,919.2
4097,915.2,919.2
4098,915.0,922.0
4099,917.9,921.9
4100,914.2,921.2
4101,913.4,917.4
4102,913.4,920.4
4103,916.6,922.6
4104,919.2,923.2
4105,919.2,923.2
4106,919.2,923.2
4107,918.2,923.2
4108,917.8,921.8
4109,916.8,920.8
4110,916.8,920.8
4111,916.8,920.8
4112,916.2,921.2
4113,918.0,924.0
4114,920.6,926.6
4115,923.2,929.2
4116,925.4,929.4
4117,924.8,928.8
4118,924.5,928.5
4119,923.4,929.4
4120,923.5,933.5
4121,928.8,936.8
4122,932.0,937.0
4123,933.8,937.8
4124,933.9,937.9
4125,933.9,937.9
4126,933.5,938.5
4127,933.5,938.5
4128,934.0,939.0
4129,935.2,939.2
4130,934.9,938.9
4131,935.2,939.2
4132,935.2,940.2
4133,936.6,940.6
4134,937.2,941.2
4135,935.7,940.7
4136,935.5,939.5
4137,935.2,939.2
4138,935.9,939.9
4139,936.2,941.2
4140,938.1,942.1
4141,937.0,942.0
4142,937.0,941.0
4143,932.5,940.5
4144,932.2,936.2
4145,932.2,936.2
4146,931.7,935.7
4147,932.2,937.2
4148,933.6,937.6
4149,933.7,937.7
4150,933.8,937.8
4151,933.6,939.6
4152,935.8,939.8
4153,932.2,939.2
4154,931.4,938.4
4155,932.5,938.5
4156,932.2,936.2
4157,931.8,936.8
4158,933.0,937.0
4159,933.2,937.2
4160,934.2,938.2
4161,933.8,937.8
4162,934.0,938.0
4163,933.9,937.9
4164,933.5,937.5
4165,933.5,937.5
4166,932.8,937.8
4167,932.6,936.6
4168,932.1,939.1
4169,934.4,939.4
4170,934.3,938.3
4171,934.6,939.6
4172,935.2,940.2
4173,936.4,940.4
4174,935.9,941.9
4175,937.8,942.8
4176,939.4,947.4
4177,943.8,947.8
4178,943.6,947.6
4179,943.2,948.2
4180,944.0,949.0
4181,943.6,947.6
4182,944.4,949.4
4183,945.2,950.2
4184,943.8,948.8
4185,943.0,947.0
4186,943.0,947.0
4187,942.8,946.8
4188,942.9,947.9
4189,944.1,948.1
4190,944.1,948.1
4191,944.1,948.1
4192,943.8,947.8
4193,944.0,948.0
4194,943.3,948.3
4195,944.8,948.8
4196,944.8,948.8
4197,943.8,949.8
4198,944.4,948.4
4199,944.9,948.9
4200,945.8,949.8
4201,945.0,949.0
4202,944.4,948.4
4203,944.4,948.4
4204,945.2,949.2
4205,945.0,949.0
4206,944.2,949.2
4207,945.9,949.9
4208,945.8,949.8
4209,945.9,949.9
4210,945.0,949.0
4211,945.1,949.1
4212,945.5,950.5
4213,945.5,950.5
4214,945.5,949.5
4215,946.1,950.1
4216,942.6,950.6
4217,941.8,945.8
4218,942.4,946.4
4219,942.5,946.5
4220,943.0,947.0
4221,943.0,947.0
4222,942.3,947.3
4223,942.2,946.2
4224,942.7,946.7
4225,942.7,946.7
4226,942.1,946.1
4227,941.8,945.8
4228,941.6,945.6
4229,940.5,946.5
4230,940.4,944.4
4231,938.4,944.4
4232,938.2,942.2
4233,938.0,943.0
4234,938.5,943.5
4235,938.8,942.8
4236,938.2,943.2
4237,940.0,944.0
4238,940.0,945.0
4239,940.8,944.8
4240,940.2,945.2
4241,941.4,945.4
4242,939.3,945.3
4243,939.2,943.2
4244,938.4,944.4
4245,939.3,943.3
4246,938.2,943.2
4247,937.8,942.8
4248,939.0,944.0
4249,940.0,944.0
4250,940.4,944.4
4251,940.2,944.2
4252,939.8,944.8
4253,941.2,945.2
4254,941.0,945.0
4255,940.9,944.9
4256,940.9,944.9
4257,941.0,946.0
4258,942.2,946.2
4259,940.3,945.3
4260,939.5,943.5
4261,940.2,944.2
4262,941.2,946.2
4263,942.7,946.7
4264,942.4,946.4
4265,942.2,948.2
4266,940.5,948.5
4267,939.8,943.8
4268,939.5,950.5
4269,946.6,953.6
4270,950.4,954.4
4271,949.5,953.5
4272,948.5,953.5
4273,948.2,952.2
4274,948.2,952.2
4275,948.0,952.0
4276,947.6,952.6
4277,947.6,951.6
4278,947.8,951.8
4279,947.8,952.8
4280,947.2,953.2
4281,947.0,951.0
4282,946.8,950.8
4283,945.3,951.3
4284,945.0,949.0
4285,945.2,949.2
4286,945.2,949.2
4287,944.6,949.6
4288,945.6,949.6
4289,945.7,949.7
4290,946.4,950.4
4291,946.2,950.2
4292,945.9,949.9
4293,946.4,950.4
4294,946.2,950.2
4295,946.0,950.0
4296,943.4,950.4
4297,942.6,946.6
4298,942.2,946.2
4299,942.2,946.2
4300,942.2,949.2
4301,945.2,949.2
4302,945.3,949.3
4303,945.2,949.2
4304,942.9,948.9
4305,943.1,947.1
4306,942.4,946.4
4307,941.4,947.4
4308,939.4,945.4
4309,939.0,943.0
4310,939.0,943.0
4311,939.2,943.2
4312,939.2,943.2
4313,939.4,944.4
4314,940.0,945.0
4315,938.8,943.8
4316,939.4,943.4
4317,940.0,944.0
4318,939.0,944.0
4319,935.0,942.0
4320,934.5,938.5
4321,934.4,938.4
4322,934.2,938.2
4323,934.8,938.8
4324,934.8,938.8
4325,933.8,938.8
4326,933.8,937.8
4327,933.2,939.2
4328,935.6,940.6
4329,936.4,942.4
4330,937.4,942.4
4331,937.2,948.2
4332,944.0,948.0
4333,944.0,949.0
4334,944.8,950.8
4335,945.1,949.1
4336,945.0,950.0
4337,947.0,951.0
4338,946.5,952.5
4339,947.2,953.2
4340,946.2,952.2
4341,948.6,954.6
4342,950.7,954.7
4343,950.5,954.5
4344,950.6,954.6
4345,951.3,957.3
4346,953.6,958.6
4347,955.2,959.2
4348,954.2,958.2
4349,954.2,958.2
4350,954.8,958.8
4351,955.2,959.2
4352,955.2,960.2
4353,955.3,960.3
4354,954.9,958.9
4355,954.5,958.5
4356,954.4,958.4
4357,955.0,959.0
4358,954.8,958.8
4359,954.5,959.5
4360,951.8,957.8
4361,951.3,955.3
4362,951.2,955.2
4363,950.3,955.3
4364,947.7,953.7
4365,947.5,951.5
4366,947.8,951.8
4367,947.8,951.8
4368,947.4,952.4
4369,947.0,951.0
4370,944.1,951.1
4371,944.4,948.4
4372,944.6,950.6
4373,947.1,951.1
4374,944.2,950.2
4375,940.5,947.5
4376,940.5,944.5
4377,937.5,944.5
4378,936.8,940.8
4379,937.4,941.4
4380,937.3,941.3
4381,937.1,943.1
4382,939.2,944.2
4383,940.5,944.5
4384,939.6,943.6
4385,939.2,943.2
4386,939.0,943.0
4387,938.6,942.6
4388,938.3,942.3
4389,936.5,941.5
4390,936.0,940.0
4391,936.0,946.0
4392,942.2,947.2
4393,944.1,948.1
4394,944.4,948.4
4395,944.4,949.4
4396,945.6,949.6
4397,945.4,950.4
4398,946.4,950.4
4399,945.9,949.9
4400,945.8,949.8
4401,945.4,950.4
4402,942.9,949.9
4403,943.2,947.2
4404,943.0,947.0
4405,943.1,947.1
4406,942.9,946.9
4407,941.4,946.4
4408,940.5,944.5
4409,938.4,944.4
4410,937.4,941.4
4411,937.4,941.4
4412,936.4,941.4
4413,937.0,941.0
4414,937.0,941.0
4415,936.7,940.7
4416,936.8,940.8
4417,937.4,944.4
4418,941.2,945.2
4419,939.2,945.2
4420,938.9,943.9
4421,940.8,945.8
4422,941.2,946.2
4423,940.4,944.4
4424,940.4,946.4
4425,943.0,947.0
4426,943.8,947.8
4427,943.6,948.6
4428,944.8,948.8
4429,945.3,949.3
4430,945.1,949.1
4431,945.0,949.0
4432,944.9,948.9
4433,944.4,948.4
4434,942.8,947.8
4435,942.8,948.8
4436,944.5,948.5
4437,944.9,948.9
4438,944.1,948.1
4439,944.9,948.9
4440,943.8,948.8
4441,940.4,947.4
4442,939.9,943.9
4443,939.4,943.4
4444,940.0,944.0
4445,939.8,943.8
4446,940.6,944.6
4447,940.4,944.4
4448,940.8,944.8
4449,941.5,945.5
4450,939.6,945.6
4451,939.2,943.2
4452,940.0,944.0
4453,938.8,943.8
4454,938.5,942.5
4455,938.5,942.5
4456,938.5,942.5
4457,937.5,941.5
4458,937.1,941.1
4459,937.2,943.2
4460,939.2,943.2
4461,940.0,944.0
4462,939.0,944.0
4463,938.2,942.2
4464,938.4,942.4
4465,938.4,942.4
4466,939.3,943.3
4467,939.3,943.3
4468,939.3,943.3
4469,939.8,943.8
4470,939.1,943.1
4471,938.1,943.1
4472,938.0,942.0
4473,938.0,944.0
4474,940.5,944.5
4475,940.5,945.5
4476,941.9,945.9
4477,941.7,946.7
4478,943.1,948.1
4479,943.2,948.2
4480,941.8,946.8
4481,941.8,947.8
4482,943.9,947.9
4483,944.2,948.2
4484,944.0,948.0
4485,944.3,948.3
4486,940.5,947.5
4487,940.4,944.4
4488,940.5,944.5
4489,940.0,944.0
4490,940.0,944.0
4491,940.0,946.0
4492,942.3,953.3
4493,948.4,953.4
4494,948.4,952.4
4495,948.2,953.2
4496,949.8,953.8
4497,949.8,953.8
4498,950.4,954.4
4499,950.1,955.1
4500,951.2,958.2
4501,952.7,958.7
4502,952.6,957.6
4503,954.4,958.4
4504,954.8,958.8
4505,954.8,961.8
4506,958.0,962.0
4507,958.2,962.2
4508,958.1,962.1
4509,958.2,963.2
4510,959.2,963.2
4511,959.4,964.4
4512,960.4,964.4
4513,961.0,965.0
4514,961.0,965.0
4515,961.8,965.8
4516,962.3,968.3
4517,965.2,970.2
4518,965.6,972.6
4519,969.3,973.3
4520,967.2,973.2
4521,966.2,971.2
4522,965.2,969.2
4523,965.8,971.8
4524,966.3,971.3
4525,966.6,970.6
4526,964.6,970.6
4527,964.6,968.6
4528,963.2,968.2
4529,963.2,967.2
4530,962.9,966.9
4531,962.3,967.3
4532,963.7,967.7
4533,964.2,968.2
4534,964.2,968.2
4535,963.6,972.6
4536,968.3,973.3
4537,969.4,976.4
4538,972.9,977.9
4539,974.2,978.2
4540,974.2,978.2
4541,974.8,978.8
4542,970.4,979.4
4543,970.0,975.0
4544,971.2,977.2
4545,969.6,977.6
4546,969.6,973.6
4547,970.0,974.0
4548,965.4,973.4
4549,965.6,969.6
4550,966.5,970.5
4551,966.5,971.5
4552,966.0,972.0
4553,965.2,970.2
4554,966.7,970.7
4555,966.6,970.6
4556,965.0,970.0
4557,965.0,969.0
4558,965.4,969.4
4559,966.2,970.2
4560,966.5,973.5
4561,970.1,974.1
4562,969.5,973.5
4563,969.4,973.4
4564,968.6,972.6
4565,968.6,973.6
4566,970.0,976.0
4567,971.9,978.9
4568,974.8,978.8
4569,973.5,978.5
4570,973.2,977.2
4571,973.2,977.2
4572,973.0,978.0
4573,974.6,978.6
4574,973.7,977.7
4575,973.6,977.6
4576,972.8,977.8
4577,974.6,978.6
4578,973.9,978.9
4579,974.9,978.9
4580,974.5,978.5
4581,973.0,978.0
4582,972.5,976.5
4583,972.6,977.6
4584,974.0,978.0
4585,972.9,977.9
4586,972.2,976.2
4587,972.5,976.5
4588,972.5,976.5
4589,972.6,976.6
4590,973.0,977.0
4591,972.8,976.8
4592,972.8,976.8
4593,972.8,976.8
4594,973.1,977.1
4595,973.2,983.2
4596,978.2,983.2
4597,978.3,982.3
4598,977.4,981.4
4599,976.5,981.5
4600,975.9,979.9
4601,974.9,979.9
4602,973.5,978.5
4603,973.4,977.4
4604,973.0,978.0
4605,973.8,978.8
4606,975.6,979.6
4607,975.6,979.6
4608,973.8,979.8
4609,973.5,977.5
4610,974.1,978.1
4611,975.0,979.0
4612,973.7,978.7
4613,972.8,976.8
4614,972.7,976.7
4615,972.3,976.3
4616,972.3,978.3
4617,975.0,979.0
4618,974.5,978.5
4619,971.8,978.8
4620,972.0,976.0
4621,972.8,976.8
4622,972.8,976.8
4623,969.7,976.7
4624,969.0,973.0
4625,968.1,973.1
4626,966.4,971.4
4627,964.6,969.6
4628,964.4,968.4
4629,964.8,968.8
4630,965.0,969.0
4631,964.0,968.0
4632,964.0,968.0
4633,964.1,968.1
4634,963.1,968.1
4635,962.8,966.8
4636,961.5,966.5
4637,961.8,965.8
4638,961.4,965.4
4639,961.7,965.7
4640,959.1,965.1
4641,959.1,963.1
4642,958.5,962.5
4643,958.5,967.5
4644,963.6,967.6
4645,963.4,967.4
4646,962.7,966.7
4647,962.9,966.9
4648,962.2,969.2
4649,965.6,969.6
4650,965.5,969.5
4651,966.2,970.2
4652,966.0,971.0
4653,966.9,970.9
4654,966.8,970.8
4655,967.0,971.0
4656,966.7,970.7
4657,966.8,971.8
4658,968.4,972.4
4659,968.0,972.0
4660,968.4,973.4
4661,969.8,973.8
4662,969.4,977.4
4663,974.0,978.0
4664,974.0,978.0
4665,973.5,977.5
4666,970.5,977.5
4667,970.4,974.4
4668,970.4,980.4
4669,975.4,983.4
4670,979.0,983.0
4671,979.0,983.0
4672,979.0,983.0
4673,978.3,984.3
4674,980.6,984.6
4675,978.6,984.6
4676,979.0,983.0
4677,977.9,982.9
4678,977.4,981.4
4679,977.3,982.3
4680,978.5,983.5
4681,979.0,983.0
4682,979.0,983.0
4683,979.0,983.0
4684,979.8,984.8
4685,981.0,985.0
4686,981.0,985.0
4687,980.6,984.6
4688,979.9,983.9
4689,979.1,983.1
4690,978.3,984.3
4691,980.8,985.8
4692,982.1,986.1
4693,981.3,985.3
4694,981.3,985.3
4695,981.1,987.1
4696,983.3,987.3
4697,983.4,987.4
4698,982.2,987.2
4699,982.1,986.1
4700,981.5,986.5
4701,983.0,987.0
4702,983.6,987.6
4703,980.2,987.2
4704,979.7,983.7
4705,979.7,983.7
4706,980.3,986.3
4707,982.8,988.8
4708,983.4,988.4
4709,982.4,987.4
4710,981.7,985.7
4711,981.0,985.0
4712,978.9,984.9
4713,977.0,983.0
4714,976.9,980.9
4715,976.8,984.8
4716,980.9,984.9
4717,980.2,984.2
4718,980.9,985.9
4719,982.2,986.2
4720,982.1,986.1
4721,982.0,986.0
4722,981.6,986.6
4723,981.0,987.0
4724,983.1,987.1
4725,983.0,988.0
4726,984.3,988.3
4727,984.7,988.7
4728,984.8,988.8
4729,984.8,988.8
4730,982.2,988.2
4731,981.7,986.7
4732,983.0,987.0
4733,982.0,986.0
4734,981.6,985.6
4735,981.7,985.7
4736,981.2,986.2
4737,982.6,986.6
4738,983.0,987.0
4739,983.4,987.4
4740,983.4,987.4
4741,983.0,987.0
4742,982.7,986.7
4743,982.8,986.8
4744,983.3,987.3
4745,983.2,987.2
4746,983.2,987.2
4747,984.0,988.0
4748,982.9,987.9
4749,982.3,986.3
4750,981.4,985.4
4751,981.4,985.4
4752,980.4,985.4
4753,979.8,984.8
4754,981.0,985.0
4755,980.8,984.8
4756,981.0,985.0
4757,981.9,985.9
4758,980.4,986.4
4759,981.0,986.0
4760,978.9,984.9
4761,978.8,982.8
4762,978.4,982.4
4763,978.4,982.4
4764,978.2,982.2
4765,978.4,982.4
4766,976.4,982.4
4767,975.8,979.8
4768,976.0,980.0
4769,975.8,979.8
4770,976.2,982.2
4771,976.0,982.0
4772,976.6,980.6
4773,976.2,981.2
4774,975.6,981.6
4775,977.6,981.6
4776,976.9,984.9
4777,981.5,986.5
4778,974.5,986.5
4779,975.2,979.2
4780,975.8,981.8
4781,978.0,983.0
4782,979.2,983.2
4783,978.2,982.2
4784,978.4,982.4
4785,978.0,982.0
4786,978.0,982.0
4787,977.8,981.8
4788,977.8,981.8
4789,977.2,982.2
4790,978.0,983.0
4791,979.4,984.4
4792,980.2,985.2
4793,979.8,983.8
4794,978.6,983.6
4795,978.6,982.6
4796,978.2,982.2
4797,977.2,982.2
4798,976.1,981.1
4799,975.0,980.0
4800,975.2,979.2
4801,974.2,979.2
4802,974.0,978.0
4803,973.8,977.8
4804,974.3,979.3
4805,975.5,979.5
4806,976.2,980.2
4807,976.5,980.5
4808,977.4,981.4
4809,977.1,981.1
4810,975.5,980.5
4811,975.2,981.2
4812,977.8,983.8
4813,980.6,985.6
4814,981.0,985.0
4815,979.7,984.7
4816,979.4,983.4
4817,979.2,986.2
4818,983.0,987.0
4819,979.6,987.6
4820,978.4,983.4
4821,978.0,982.0
4822,977.9,982.9
4823,979.4,983.4
4824,979.4,983.4
4825,980.0,984.0
4826,980.6,984.6
4827,979.8,984.8
4828,978.6,983.6
4829,978.0,982.0
4830,977.7,981.7
4831,977.1,981.1
4832,976.8,982.8
4833,978.8,982.8
4834,978.8,984.8
4835,980.9,984.9
4836,981.8,986.8
4837,980.0,987.0
4838,980.0,984.0
4839,980.0,986.0
4840,982.3,986.3
4841,982.3,986.3
4842,982.3,986.3
4843,982.5,986.5
4844,982.5,986.5
4845,981.0,986.0
4846,980.7,984.7
4847,979.8,984.8
4848,981.4,985.4
4849,981.4,985.4
4850,981.2,985.2
4851,981.2,985.2
4852,980.4,984.4
4853,980.4,984.4
4854,980.4,984.4
4855,980.4,984.4
4856,980.2,984.2
4857,980.2,984.2
4858,980.2,984.2
4859,979.6,983.6
4860,979.6,983.6
4861,979.8,983.8
4862,980.0,985.0
4863,981.1,985.1
4864,980.7,984.7
4865,981.0,985.0
4866,981.2,987.2
4867,983.4,988.4
4868,984.7,988.7
4869,984.5,988.5
4870,984.5,989.5
4871,985.4,989.4
4872,985.9,990.9
4873,987.4,991.4
4874,987.5,991.5
4875,984.6,991.6
4876,984.5,993.5
4877,989.4,994.4
4878,989.1,993.1
4879,989.4,993.4
4880,989.4,993.4
4881,986.4,993.4
4882,986.0,990.0
4883,986.1,990.1
4884,983.4,989.4
4885,981.5,987.5
4886,981.6,989.6
4887,986.2,990.2
4888,986.0,990.0
4889,985.0,990.0
4890,985.0,989.0
4891,984.0,989.0
4892,984.0,988.0
4893,984.4,988.4
4894,984.4,988.4
4895,984.6,988.6
4896,983.2,989.2
4897,983.2,987.2
4898,983.7,987.7
4899,983.5,987.5
4900,983.5,987.5
4901,982.0,989.0
4902,983.6,988.6
4903,982.6,988.6
4904,982.7,987.7
4905,984.6,988.6
4906,984.4,988.4
4907,982.6,988.6
4908,981.2,986.2
4909,979.5,985.5
4910,979.4,983.4
4911,979.8,983.8
4912,978.6,983.6
4913,978.6,982.6
4914,978.5,982.5
4915,978.0,982.0
4916,978.0,982.0
4917,978.0,982.0
4918,977.4,981.4
4919,977.2,981.2
4920,971.3,981.3
4921,970.8,974.8
4922,970.8,980.8
4923,977.6,982.6
4924,979.0,983.0
4925,979.0,984.0
4926,980.8,984.8
4927,980.4,986.4
4928,981.8,985.8
4929,981.8,985.8
4930,982.0,986.0
4931,982.0,986.0
4932,978.6,985.6
4933,977.8,981.8
4934,977.6,981.6
4935,977.5,981.5
4936,976.8,980.8
4937,977.2,981.2
4938,977.4,981.4
4939,976.6,980.6
4940,976.8,980.8
4941,976.6,983.6
4942,980.5,985.5
4943,980.6,985.6
4944,981.0,985.0
4945,980.0,984.0
4946,979.7,983.7
4947,979.4,983.4
4948,979.4,983.4
4949,978.4,983.4
4950,978.2,982.2
4951,978.8,982.8
4952,978.8,982.8
4953,977.4,982.4
4954,976.9,983.9
4955,979.9,983.9
4956,980.0,984.0
4957,979.4,984.4
4958,978.6,982.6
4959,978.6,982.6
4960,978.6,982.6
4961,977.8,981.8
4962,977.5,981.5
4963,975.6,981.6
4964,975.0,979.0
4965,975.0,979.0
4966,975.2,979.2
4967,975.6,979.6
4968,974.6,979.6
4969,974.3,979.3
4970,975.5,979.5
4971,976.0,980.0
4972,974.4,979.4
4973,974.3,978.3
4974,974.3,980.3
4975,976.5,981.5
4976,977.9,982.9
4977,977.8,982.8
4978,976.0,982.0
4979,976.8,980.8
4980,975.8,980.8
4981,975.6,979.6
4982,976.0,980.0
4983,975.0,980.0
4984,975.0,979.0
4985,975.0,980.0
4986,976.0,980.0
4987,976.2,980.2
4988,976.5,980.5
4989,977.0,981.0
4990,977.0,981.0
4991,976.1,980.1
4992,976.6,980.6
4993,975.8,979.8
4994,975.5,979.5
4995,975.5,979.5
4996,974.1,979.1
4997,973.7,977.7
4998,973.9,977.9
4999,973.2,980.2
5000,976.4,981.4
5001,978.0,983.0
5002,979.6,983.6
5003,979.6,983.6
5004,979.4,984.4
5005,981.0,985.0
5006,981.8,987.8
5007,984.5,988.5
5008,984.4,988.4
5009,984.5,988.5
5010,982.8,987.8
5011,981.5,986.5
5012,981.0,985.0
5013,980.4,984.4
5014,980.6,986.6
5015,981.7,986.7
5016,979.8,985.8
5017,979.5,983.5
5018,979.4,983.4
5019,978.9,982.9
5020,978.9,982.9
5021,978.0,982.0
5022,977.5,981.5
5023,976.7,980.7
5024,976.4,980.4
5025,976.3,980.3
5026,976.3,980.3
5027,977.0,981.0
5028,974.6,980.6
5029,974.5,978.5
5030,974.1,978.1
5031,973.5,977.5
5032,973.2,977.2
5033,973.2,977.2
5034,972.6,976.6
5035,970.2,976.2
5036,971.1,975.1
5037,966.1,975.1
5038,965.6,969.6
5039,965.4,969.4
5040,964.4,969.4
5041,963.7,967.7
5042,963.8,968.8
5043,964.8,968.8
5044,964.8,968.8
5045,965.2,969.2
5046,964.7,968.7
5047,964.7,976.7
5048,972.8,976.8
5049,972.7,976.7
5050,972.8,976.8
5051,972.8,976.8
5052,972.7,977.7
5053,974.4,978.4
5054,973.7,977.7
5055,972.6,977.6
5056,972.5,979.5
5057,975.8,979.8
5058,975.6,980.6
5059,976.4,980.4
5060,976.5,980.5
5061,976.6,980.6
5062,976.6,982.6
5063,979.2,983.2
5064,976.2,983.2
5065,972.5,979.5
5066,971.2,976.2
5067,970.9,974.9
5068,971.0,977.0
5069,973.0,977.0
5070,972.0,977.0
5071,971.6,975.6
5072,971.0,975.0
5073,971.0,975.0
5074,971.0,975.0
5075,971.8,975.8
5076,971.4,975.4
5077,971.0,975.0
5078,971.0,975.0
5079,971.0,976.0
5080,972.6,976.6
5081,972.6,977.6
5082,973.4,977.4
5083,972.8,976.8
5084,971.1,977.1
5085,971.6,975.6
5086,971.6,975.6
5087,971.4,975.4
5088,969.9,974.9
5089,969.5,973.5
5090,968.7,973.7
5091,970.0,974.0
5092,969.4,973.4
5093,969.4,973.4
5094,967.6,973.6
5095,967.0,971.0
5096,967.0,971.0
5097,967.4,971.4
5098,968.0,974.0
5099,970.9,974.9
5100,969.9,974.9
5101,969.8,973.8
5102,969.9,974.9
5103,971.3,975.3
5104,971.0,976.0
5105,970.2,975.2
5106,971.2,975.2
5107,969.4,975.4
5108,968.8,974.8
5109,970.9,974.9
5110,969.4,974.4
5111,968.4,972.4
5112,967.4,971.4
5113,967.2,971.2
5114,961.8,970.8
5115,961.7,965.7
5116,960.9,965.9
5117,960.2,966.2
5118,960.5,966.5
5119,956.4,964.4
5120,956.3,960.3
5121,956.4,961.4
5122,956.6,961.6
5123,956.2,960.2
5124,956.1,961.1
5125,957.3,961.3
5126,957.6,961.6
5127,955.9,960.9
5128,955.5,960.5
5129,956.4,960.4
5130,956.4,961.4
5131,957.8,961.8
5132,958.0,962.0
5133,959.0,964.0
5134,957.5,964.5
5135,957.0,963.0
5136,956.1,963.1
5137,956.0,960.0
5138,956.0,960.0
5139,955.6,959.6
5140,953.3,959.3
5141,953.1,957.1
5142,952.5,957.5
5143,952.8,962.8
5144,958.8,962.8
5145,959.0,963.0
5146,959.4,963.4
5147,959.2,964.2
5148,958.8,964.8
5149,958.2,963.2
5150,958.4,962.4
5151,958.6,967.6
5152,963.5,969.5
5153,966.2,970.2
5154,966.4,971.4
5155,967.6,972.6
5156,968.5,973.5
5157,969.1,974.1
5158,969.0,973.0
5159,968.8,973.8
5160,967.6,972.6
5161,965.8,970.8
5162,964.9,968.9
5163,965.3,969.3
5164,964.9,968.9
5165,965.4,969.4
5166,964.5,968.5
5167,963.8,967.8
5168,964.8,968.8
5169,965.8,969.8
5170,965.8,969.8
5171,966.2,971.2
5172,966.8,970.8
5173,966.2,970.2
5174,966.1,973.1
5175,968.0,974.0
5176,968.0,973.0
5177,969.1,973.1
5178,969.4,973.4
5179,969.2,973.2
5180,966.4,972.4
5181,966.4,970.4
5182,967.0,971.0
5183,967.3,971.3
5184,966.7,970.7
5185,966.8,970.8
5186,965.8,970.8
5187,965.6,969.6
5188,966.4,970.4
5189,967.0,971.0
5190,967.0,971.0
5191,966.4,970.4
5192,966.4,972.4
5193,969.0,974.0
5194,970.0,975.0
5195,971.2,975.2
5196,971.7,975.7
5197,970.6,975.6
5198,970.0,974.0
5199,969.5,973.5
5200,968.7,973.7
5201,968.9,973.9
5202,970.4,974.4
5203,971.0,975.0
5204,971.3,975.3
5205,970.9,974.9
5206,971.0,976.0
5207,973.0,977.0
5208,973.0,977.0
5209,974.0,978.0
5210,971.0,978.0
5211,970.8,977.8
5212,974.0,981.0
5213,977.0,981.0
5214,977.0,984.0
5215,980.0,984.0
5216,977.5,983.5
5217,977.4,982.4
5218,977.6,982.6
5219,977.0,981.0
5220,977.0,982.0
5221,978.5,983.5
5222,977.0,983.0
5223,976.8,980.8
5224,976.6,984.6
5225,979.8,983.8
5226,980.5,984.5
5227,980.5,984.5
5228,980.6,984.6
5229,979.9,983.9
5230,980.4,985.4
5231,981.6,986.6
5232,983.0,988.0
5233,984.6,990.6
5234,986.8,990.8
5235,986.8,990.8
5236,986.8,990.8
5237,986.4,992.4
5238,988.8,995.8
5239,992.3,996.3
5240,992.3,997.3
5241,993.2,999.2
5242,995.2,1000.2
5243,996.5,1000.5
5244,995.8,999.8
5245,995.5,999.5
5246,995.4,999.4
5247,995.5,999.5
5248,995.6,1000.6
5249,997.1,1002.1
5250,997.6,1001.6
5251,997.2,1001.2
5252,997.8,1005.8
5253,1002.5,1006.5
5254,1001.5,1006.5
5255,999.8,1005.8
5256,1000.6,1004.6
5257,1001.1,1006.1
5258,1002.4,1010.4
5259,1006.8,1010.8
5260,1006.1,1011.1
5261,1006.2,1011.2
5262,1004.4,1009.4
5263,1002.5,1007.5
5264,1002.0,1006.0
5265,1002.0,1006.0
5266,1002.1,1008.1
5267,1004.8,1008.8
5268,1005.0,1009.0
5269,1005.8,1009.8
5270,1005.8,1009.8
5271,1005.0,1009.0
5272,1005.8,1009.8
5273,1005.0,1010.0
5274,1005.0,1009.0
5275,1004.6,1009.6
5276,1002.1,1008.1
5277,1002.2,1006.2
5278,1003.1,1007.1
5279,1003.1,1009.1
5280,1005.1,1009.1
5281,1005.7,1009.7
5282,1004.9,1008.9
5283,1005.6,1009.6
5284,1005.9,1010.9
5285,1006.7,1010.7
5286,1005.9,1010.9
5287,1005.5,1009.5
5288,1000.8,1009.8
5289,1000.1,1005.1
5290,1002.0,1006.0
5291,1002.0,1006.0
5292,1002.0,1006.0
5293,1001.6,1005.6
5294,1000.7,1006.7
5295,1003.0,1007.0
5296,1003.2,1007.2
5297,1004.2,1008.2
5298,1005.0,1009.0
5299,1005.8,1009.8
5300,1003.6,1010.6
5301,1002.4,1007.4
5302,1002.4,1007.4
5303,1003.6,1008.6
5304,1005.4,1009.4
5305,1005.4,1009.4
5306,1003.8,1009.8
5307,1004.9,1013.9
5308,1009.8,1014.8
5309,1010.9,1014.9
5310,1010.9,1015.9
5311,1010.7,1016.7
5312,1010.6,1015.6
5313,1011.0,1016.0
5314,1010.9,1014.9
5315,1011.0,1015.0
5316,1011.0,1015.0
5317,1010.8,1014.8
5318,1011.0,1015.0
5319,1010.8,1014.8
5320,1010.7,1015.7
5321,1011.8,1015.8
5322,1011.7,1015.7
5323,1011.0,1016.0
5324,1011.8,1015.8
5325,1011.5,1016.5
5326,1013.4,1017.4
5327,1013.3,1017.3
5328,1014.0,1018.0
5329,1014.5,1018.5
5330,1014.5,1018.5
5331,1014.5,1018.5
5332,1014.8,1020.8
5333,1016.9,1021.9
5334,1018.2,1022.2
5335,1016.4,1021.4
5336,1014.6,1019.6
5337,1014.4,1018.4
5338,1015.2,1020.2
5339,1015.9,1019.9
5340,1015.9,1019.9
5341,1012.5,1020.5
5342,1012.4,1016.4
5343,1012.4,1016.4
5344,1012.5,1016.5
5345,1012.0,1016.0
5346,1011.4,1021.4
5347,1016.6,1021.6
5348,1016.2,1020.2
5349,1016.7,1020.7
5350,1016.8,1020.8
5351,1017.0,1021.0
5352,1016.8,1020.8
5353,1014.4,1021.4
5354,1014.0,1019.0
5355,1015.1,1019.1
5356,1014.2,1019.2
5357,1013.2,1017.2
5358,1011.8,1016.8
5359,1011.8,1015.8
5360,1011.5,1015.5
5361,1011.6,1015.6
5362,1011.5,1015.5
5363,1009.5,1015.5
5364,1009.4,1013.4
5365,1009.4,1013.4
5366,1009.6,1013.6
5367,1010.2,1014.2
5368,1009.5,1014.5
5369,1010.6,1014.6
5370,1010.5,1014.5
5371,1009.2,1014.2
5372,1008.5,1012.5
5373,1008.4,1012.4
5374,1009.0,1013.0
5375,1007.4,1013.4
5376,1007.2,1011.2
5377,1004.6,1010.6
5378,1004.5,1008.5
5379,1004.5,1008.5
5380,1004.2,1008.2
5381,1003.6,1007.6
5382,1004.4,1008.4
5383,1002.4,1008.4
5384,996.2,1006.2
5385,996.1,1000.1
5386,996.8,1000.8
5387,988.2,1000.2
5388,988.0,992.0
5389,988.0,992.0
5390,986.0,992.0
5391,984.2,990.2
5392,984.2,988.2
5393,984.7,988.7
5394,984.6,989.6
5395,985.6,989.6
5396,985.6,989.6
5397,985.2,989.2
5398,985.0,989.0
5399,985.8,989.8
5400,983.9,988.9
5401,984.0,988.0
5402,984.2,988.2
5403,984.3,988.3
5404,984.6,988.6
5405,981.5,988.5
5406,981.4,985.4
5407,981.4,985.4
5408,981.4,985.4
5409,981.2,985.2
5410,981.4,989.4
5411,985.6,989.6
5412,985.6,989.6
5413,985.6,989.6
5414,986.2,990.2
5415,986.2,990.2
5416,985.7,989.7
5417,985.5,990.5
5418,985.4,989.4
5419,985.5,989.5
5420,985.1,989.1
5421,985.9,989.9
5422,985.9,989.9
5423,985.5,990.5
5424,986.9,990.9
5425,986.8,990.8
5426,986.6,990.6
5427,986.6,990.6
5428,985.2,990.2
5429,984.8,988.8
5430,983.4,989.4
5431,982.2,988.2
5432,981.5,985.5
5433,981.6,985.6
5434,981.8,985.8
5435,981.6,985.6
5436,981.9,985.9
5437,981.8,985.8
5438,982.2,986.2
5439,982.4,989.4
5440,986.1,992.1
5441,989.0,993.0
5442,989.0,993.0
5443,989.0,994.0
5444,990.9,994.9
5445,991.4,995.4
5446,991.4,995.4
5447,991.2,995.2
5448,988.5,995.5
5449,988.2,992.2
5450,987.6,992.6
5451,987.4,991.4
5452,987.2,991.2
5453,987.2,991.2
5454,980.0,991.0
5455,979.8,984.8
5456,981.1,985.1
5457,981.2,985.2
5458,980.4,984.4
5459,980.3,984.3
5460,980.0,984.0
5461,979.5,983.5
5462,978.8,983.8
5463,976.2,982.2
5464,974.2,980.2
5465,973.3,980.3
5466,976.8,980.8
5467,976.8,980.8
5468,976.8,980.8
5469,977.4,981.4
5470,977.0,981.0
5471,977.0,982.0
5472,978.6,982.6
5473,978.6,986.6
5474,982.7,986.7
5475,980.8,986.8
5476,981.2,985.2
5477,981.3,985.3
5478,981.0,985.0
5479,980.0,985.0
5480,979.8,983.8
5481,978.6,983.6
5482,978.4,983.4
5483,979.8,983.8
5484,979.8,983.8
5485,979.2,984.2
5486,978.7,983.7
5487,980.6,984.6
5488,980.6,984.6
5489,979.8,983.8
5490,979.6,984.6
5491,979.8,983.8
5492,980.1,984.1
5493,979.0,984.0
5494,978.6,982.6
5495,978.3,983.3
5496,979.5,987.5
5497,983.5,987.5
5498,984.2,988.2
5499,984.2,988.2
5500,983.7,987.7
5501,983.3,988.3
5502,984.8,988.8
5503,984.8,988.8
5504,985.0,989.0
5505,984.0,989.0
5506,983.8,987.8
5507,982.9,987.9
5508,980.3,986.3
5509,980.0,985.0
5510,979.8,983.8
5511,979.3,984.3
5512,981.2,985.2
5513,981.2,986.2
5514,982.4,987.4
5515,984.0,988.0
5516,983.3,988.3
5517,983.2,987.2
5518,982.5,986.5
5519,982.2,987.2
5520,983.8,987.8
5521,983.0,988.0
5522,984.8,988.8
5523,983.2,989.2
5524,982.4,988.4
5525,984.8,988.8
5526,983.5,988.5
5527,983.4,987.4
5528,982.5,987.5
5529,982.1,986.1
5530,982.4,986.4
5531,981.4,986.4
5532,980.8,984.8
5533,979.9,983.9
5534,979.0,984.0
5535,978.8,982.8
5536,979.4,983.4
5537,978.6,982.6
5538,978.5,983.5
5539,975.2,983.2
5540,974.7,980.7
5541,977.0,982.0
5542,978.2,982.2
5543,977.2,982.2
5544,977.5,983.5
5545,980.2,984.2
5546,980.6,984.6
5547,980.2,984.2
5548,979.2,984.2
5549,979.1,983.1
5550,979.2,983.2
5551,975.2,983.2
5552,974.4,978.4
5553,972.8,978.8
5554,969.6,976.6
5555,968.7,973.7
5556,970.4,974.4
5557,970.2,974.2
5558,970.0,974.0
5559,968.7,973.7
5560,968.3,972.3
5561,969.0,974.0
5562,970.4,974.4
5563,970.4,974.4
5564,970.8,974.8
5565,970.2,975.2
5566,966.2,975.2
5567,966.0,970.0
5568,966.5,970.5
5569,966.2,971.2
5570,968.2,972.2
5571,968.1,972.1
5572,968.2,972.2
5573,968.2,972.2
5574,966.3,972.3
5575,965.5,969.5
5576,965.2,969.2
5577,966.0,970.0
5578,966.6,970.6
5579,966.6,975.6
5580,972.3,979.3
5581,974.8,978.8
5582,974.2,978.2
5583,974.2,979.2
5584,974.0,980.0
5585,973.6,977.6
5586,973.0,977.0
5587,972.4,976.4
5588,972.4,980.4
5589,976.5,980.5
5590,976.8,980.8
5591,977.8,982.8
5592,979.3,983.3
5593,979.0,983.0
5594,979.0,983.0
5595,979.0,983.0
5596,979.0,991.0
5597,986.2,991.2
5598,985.9,989.9
5599,986.0,990.0
5600,985.5,990.5
5601,986.5,990.5
5602,986.5,991.5
5603,983.6,991.6
5604,983.2,987.2
5605,980.1,988.1
5606,980.8,986.8
5607,983.2,987.2
5608,983.2,987.2
5609,983.0,987.0
5610,982.1,986.1
5611,982.2,993.2
5612,989.4,993.4
5613,989.0,993.0
5614,989.7,993.7
5615,987.0,994.0
5616,987.8,994.8
5617,991.0,995.0
5618,991.2,996.2
5619,992.7,996.7
5620,992.1,997.1
5621,991.2,996.2
5622,991.0,995.0
5623,991.4,996.4
5624,990.7,996.7
5625,989.6,994.6
5626,989.2,993.2
5627,987.8,992.8
5628,986.8,990.8
5629,986.4,990.4
5630,986.2,990.2
5631,987.0,991.0
5632,987.0,991.0
5633,987.4,991.4
5634,985.2,992.2
5635,984.9,989.9
5636,985.0,989.0
5637,985.0,989.0
5638,984.9,988.9
5639,984.6,990.6
5640,986.9,990.9
5641,985.0,990.0
5642,984.1,988.1
5643,983.5,987.5
5644,983.8,987.8
5645,983.4,988.4
5646,984.7,989.7
5647,985.8,989.8
5648,986.2,990.2
5649,986.7,992.7
5650,989.0,993.0
5651,989.4,993.4
5652,989.4,993.4
5653,987.4,993.4
5654,986.8,990.8
5655,986.6,990.6
5656,986.8,991.8
5657,987.1,992.1
5658,986.8,990.8
5659,986.5,990.5
5660,986.3,990.3
5661,984.7,990.7
5662,984.4,988.4
5663,984.6,988.6
5664,984.4,988.4
5665,982.5,987.5
5666,982.4,986.4
5667,981.8,986.8
5668,980.6,985.6
5669,980.0,985.0
5670,981.5,985.5
5671,980.2,985.2
5672,980.0,984.0
5673,979.8,984.8
5674,981.2,985.2
5675,981.4,985.4
5676,981.4,987.4
5677,984.2,988.2
5678,983.6,988.6
5679,983.5,987.5
5680,983.1,989.1
5681,984.0,990.0
5682,983.6,987.6
5683,983.4,987.4
5684,983.5,987.5
5685,983.0,988.0
5686,984.1,989.1
5687,985.0,989.0
5688,985.3,989.3
5689,985.2,989.2
5690,982.5,989.5
5691,981.7,985.7
5692,981.6,987.6
5693,984.6,988.6
5694,984.2,988.2
5695,984.2,988.2
5696,984.3,993.3
5697,990.0,995.0
5698,991.4,995.4
5699,991.9,995.9
5700,991.9,996.9
5701,993.5,997.5
5702,993.5,997.5
5703,990.0,998.0
5704,990.5,994.5
5705,990.5,994.5
5706,990.6,996.6
5707,993.3,997.3
5708,992.5,996.5
5709,993.1,997.1
5710,988.6,996.6
5711,988.4,992.4
5712,988.5,993.5
5713,988.8,994.8
5714,989.8,996.8
5715,992.8,996.8
5716,992.8,996.8
5717,993.0,997.0
5718,991.0,997.0
5719,989.8,994.8
5720,989.5,993.5
5721,988.5,993.5
5722,985.2,992.2
5723,985.4,989.4
5724,984.5,988.5
5725,985.4,993.4
5726,989.6,993.6
5727,989.6,993.6
5728,989.8,993.8
5729,990.2,994.2
5730,990.5,994.5
5731,990.5,995.5
5732,991.5,995.5
5733,992.0,998.0
5734,994.0,998.0
5735,993.8,998.8
5736,994.8,998.8
5737,994.8,998.8
5738,994.8,998.8
5739,995.0,999.0
5740,995.2,999.2
5741,995.4,1002.4
5742,999.1,1003.1
5743,999.1,1003.1
5744,998.4,1002.4
5745,998.0,1002.0
5746,998.6,1002.6
5747,999.4,1005.4
5748,1001.6,1005.6
5749,1001.6,1007.6
5750,1003.6,1007.6
5751,1002.6,1007.6
5752,1002.2,1006.2
5753,1001.6,1005.6
5754,1000.0,1005.0
5755,999.7,1003.7
5756,999.4,1003.4
5757,999.8,1006.8
5758,1002.1,1007.1
5759,1002.0,1006.0
5760,999.6,1005.6
5761,999.2,1004.2
5762,1000.8,1004.8
5763,999.8,1004.8
5764,998.9,1002.9
5765,998.5,1003.5
5766,999.5,1003.5
5767,999.8,1004.8
5768,1001.0,1005.0
5769,1000.9,1004.9
5770,1000.2,1005.2
5771,999.8,1003.8
5772,999.8,1004.8
5773,1001.3,1005.3
5774,1001.5,1005.5
5775,1002.4,1006.4
5776,1002.4,1006.4
5777,1002.4,1006.4
5778,1002.4,1006.4
5779,1002.4,1006.4
5780,1001.7,1005.7
5781,1001.2,1010.2
5782,1007.0,1011.0
5783,1007.0,1011.0
5784,1006.6,1010.6
5785,1005.3,1010.3
5786,1004.4,1008.4
5787,1004.9,1008.9
5788,1003.4,1009.4
5789,1003.2,1007.2
5790,1003.4,1007.4
5791,1002.8,1006.8
5792,1002.8,1006.8
5793,1003.4,1008.4
5794,1004.5,1011.5
5795,1007.2,1012.2
5796,1006.7,1013.7
5797,1009.7,1013.7
5798,1008.6,1013.6
5799,1008.4,1012.4
5800,1008.4,1012.4
5801,1005.4,1012.4
5802,1005.4,1009.4
5803,1004.4,1008.4
5804,1004.5,1009.5
5805,1006.1,1010.1
5806,1005.5,1009.5
5807,1004.9,1008.9
5808,1005.2,1009.2
5809,1004.8,1008.8
5810,1000.8,1008.8
5811,1000.8,1004.8
5812,1000.8,1005.8
5813,1002.6,1006.6
5814,1002.2,1007.2
5815,1002.0,1010.0
5816,1004.6,1010.6
5817,1003.5,1008.5
5818,1003.2,1007.2
5819,1002.9,1006.9
5820,1001.5,1006.5
5821,1001.1,1005.1
5822,1001.0,1005.0
5823,1001.7,1005.7
5824,1000.9,1005.9
5825,1000.4,1004.4
5826,998.8,1003.8
5827,998.3,1002.3
5828,997.4,1001.4
5829,997.4,1002.4
5830,998.6,1002.6
5831,998.5,1002.5
5832,997.9,1001.9
5833,998.6,1002.6
5834,995.8,1001.8
5835,995.8,1001.8
5836,998.2,1003.2
5837,998.4,1003.4
5838,998.3,1002.3
5839,997.6,1001.6
5840,998.2,1002.2
5841,998.2,1002.2
5842,998.7,1005.7
5843,1002.3,1006.3
5844,1001.9,1006.9
5845,1001.5,1005.5
5846,1001.5,1005.5
5847,1001.5,1005.5
5848,1001.8,1005.8
5849,1000.8,1004.8
5850,998.6,1005.6
5851,998.4,1002.4
5852,997.5,1001.5
5853,998.0,1002.0
5854,997.0,1002.0
5855,995.9,1000.9
5856,995.6,999.6
5857,995.8,999.8
5858,995.8,999.8
5859,995.8,999.8
5860,995.8,999.8
5861,994.8,999.8
5862,994.5,998.5
5863,994.5,1003.5
5864,1000.0,1004.0
5865,999.9,1003.9
5866,1000.3,1004.3
5867,1000.7,1004.7
5868,1001.0,1005.0
5869,1001.0,1005.0
5870,999.4,1005.4
5871,1000.2,1005.2
5872,1000.4,1006.4
5873,1002.7,1006.7
5874,1003.2,1007.2
5875,1003.6,1007.6
5876,1001.0,1007.0
5877,1001.0,1005.0
5878,1000.5,1004.5
5879,1000.4,1004.4
5880,1000.8,1004.8
5881,1000.8,1004.8
5882,1000.6,1004.6
5883,1001.0,1005.0
5884,1001.0,1005.0
5885,1001.4,1006.4
5886,1002.8,1007.8
5887,1004.3,1008.3
5888,1004.3,1008.3
5889,1004.4,1009.4
5890,1003.4,1009.4
5891,1003.2,1007.2
5892,1003.2,1009.2
5893,1004.2,1009.2
5894,1004.2,1008.2
5895,1004.5,1008.5
5896,1004.3,1008.3
5897,1004.4,1008.4
5898,1004.4,1008.4
5899,1004.9,1008.9
5900,1004.4,1009.4
5901,1004.3,1008.3
5902,1003.8,1007.8
5903,1002.8,1007.8
5904,1001.1,1006.1
5905,1001.7,1005.7
5906,1001.9,1005.9
5907,1001.9,1005.9
5908,1002.5,1013.5
5909,1010.0,1014.0
5910,1010.0,1014.0
5911,1008.1,1014.1
5912,1007.8,1011.8
5913,1007.6,1011.6
5914,1005.6,1011.6
5915,1005.2,1009.2
5916,1005.2,1009.2
5917,1006.0,1010.0
5918,1003.0,1010.0
5919,1003.0,1007.0
5920,1002.2,1007.2
5921,1001.5,1005.5
5922,1001.9,1005.9
5923,1000.6,1005.6
5924,1000.1,1005.1
5925,1000.7,1004.7
5926,1000.2,1004.2
5927,1001.0,1005.0
5928,1000.2,1004.2
5929,1000.5,1005.5
5930,1002.5,1006.5
5931,1003.0,1007.0
5932,1003.4,1007.4
5933,1002.7,1006.7
5934,1000.4,1007.4
5935,998.0,1004.0
5936,997.3,1001.3
5937,995.8,1000.8
5938,995.6,999.6
5939,995.2,999.2
5940,994.8,998.8
5941,994.0,998.0
5942,994.5,998.5
5943,994.4,998.4
5944,994.4,998.4
5945,994.0,998.0
5946,990.5,997.5
5947,990.5,994.5
5948,990.5,997.5
5949,993.8,997.8
5950,994.1,998.1
5951,992.5,999.5
5952,991.8,998.8
5953,990.5,995.5
5954,990.2,995.2
5955,990.4,994.4
5956,990.4,994.4
5957,988.6,993.6
5958,988.6,992.6
5959,986.6,992.6
5960,985.8,989.8
5961,986.5,991.5
5962,983.0,992.0
5963,982.8,986.8
5964,982.8,986.8
5965,982.2,986.2
5966,981.5,986.5
5967,979.9,986.9
5968,979.8,983.8
5969,979.6,983.6
5970,979.2,983.2
5971,979.0,988.0
5972,984.2,988.2
5973,984.4,989.4
5974,985.4,989.4
5975,983.0,989.0
5976,983.0,987.0
5977,981.5,986.5
5978,981.2,985.2
5979,981.4,985.4
5980,981.4,986.4
5981,982.6,986.6
5982,982.7,990.7
5983,986.6,990.6
5984,986.5,990.5
5985,986.5,991.5
5986,986.7,991.7
5987,986.4,990.4
5988,986.5,994.5
5989,990.8,994.8
5990,989.4,994.4
5991,989.2,993.2
5992,988.2,992.2
5993,988.0,992.0
5994,987.5,991.5
5995,987.4,993.4
5996,989.4,994.4
5997,988.7,994.7
5998,988.3,993.3
5999,990.0,994.0
6000,990.1,994.1
6001,990.0,994.0
6002,990.9,994.9
6003,991.0,995.0
6004,989.0,995.0
6005,989.0,993.0
6006,989.7,993.7
6007,989.6,993.6
6008,990.0,995.0
6009,991.8,995.8
6010,992.5,996.5
6011,991.7,995.7
6012,991.8,995.8
6013,987.6,995.6
6014,985.5,991.5
6015,985.4,989.4
6016,985.4,989.4
6017,985.4,990.4
6018,986.4,992.4
6019,989.2,993.2
6020,990.0,995.0
6021,991.8,995.8
6022,991.9,995.9
6023,987.5,995.5
6024,987.3,991.3
6025,987.2,991.2
6026,987.2,991.2
6027,985.4,991.4
6028,985.2,989.2
6029,984.2,989.2
6030,984.0,989.0
6031,984.2,995.2
6032,990.2,994.2
6033,988.2,994.2
6034,987.4,991.4
6035,987.4,991.4
6036,987.4,991.4
6037,987.8,991.8
6038,987.8,993.8
6039,986.8,993.8
6040,987.2,991.2
6041,987.2,991.2
6042,987.4,995.4
6043,992.2,1000.2
6044,997.0,1002.0
6045,998.2,1003.2
6046,999.3,1003.3
6047,999.6,1003.6
6048,997.2,1004.2
6049,997.0,1001.0
6050,997.0,1001.0
6051,997.0,1001.0
6052,998.0,1002.0
6053,998.0,1002.0
6054,997.8,1001.8
6055,997.8,1002.8
6056,998.4,1003.4
6057,997.8,1001.8
6058,997.8,1001.8
6059,997.2,1001.2
6060,997.2,1001.2
6061,994.8,1000.8
6062,994.0,998.0
6063,994.0,998.0
6064,994.4,998.4
6065,994.9,1000.9
6066,997.0,1001.0
6067,996.0,1001.0
6068,996.6,1000.6
6069,997.2,1001.2
6070,997.4,1001.4
6071,997.2,1002.2
6072,998.2,1002.2
6073,998.3,1002.3
6074,998.6,1002.6
6075,998.6,1002.6
6076,998.6,1002.6
6077,998.7,1002.7
6078,998.8,1002.8
6079,998.8,1002.8
6080,998.8,1002.8
6081,999.2,1004.2
6082,999.4,1004.4
6083,999.0,1006.0
6084,1002.0,1006.0
6085,1001.5,1005.5
6086,1001.5,1007.5
6087,1004.0,1008.0
6088,1003.0,1007.0
6089,1002.8,1008.8
6090,1005.0,1009.0
6091,1005.6,1009.6
6092,1005.2,1009.2
6093,1005.2,1009.2
6094,1005.2,1010.2
6095,1006.4,1011.4
6096,1007.4,1011.4
6097,1006.6,1011.6
6098,1006.5,1010.5
6099,1006.8,1010.8
6100,1006.5,1010.5
6101,1005.1,1011.1
6102,1004.2,1008.2
6103,1004.1,1008.1
6104,1003.9,1007.9
6105,1002.8,1007.8
6106,1002.2,1006.2
6107,1002.4,1006.4
6108,1001.0,1006.0
6109,999.2,1004.2
6110,995.0,1003.0
6111,994.5,999.5
6112,995.6,1000.6
6113,996.8,1000.8
6114,997.5,1004.5
6115,1001.2,1007.2
6116,1003.5,1007.5
6117,999.4,1007.4
6118,998.5,1002.5
6119,998.7,1002.7
6120,999.0,1004.0
6121,999.4,1004.4
6122,998.5,1004.5
6123,1001.0,1005.0
6124,1001.2,1005.2
6125,1000.9,1004.9
6126,1001.2,1005.2
6127,1000.8,1005.8
6128,1000.5,1006.5
6129,1000.1,1004.1
6130,1000.0,1004.0
6131,1000.0,1007.0
6132,1003.8,1007.8
6133,1003.9,1008.9
6134,1004.9,1008.9
6135,1005.4,1009.4
6136,1004.8,1011.8
6137,1006.5,1010.5
6138,1005.6,1009.6
6139,1005.3,1009.3
6140,1006.2,1010.2
6141,1005.7,1010.7
6142,1007.3,1011.3
6143,1005.6,1010.6
6144,1001.9,1008.9
6145,1001.4,1005.4
6146,1001.8,1007.8
6147,1004.2,1008.2
6148,1004.0,1008.0
6149,1003.7,1007.7
6150,1003.8,1007.8
6151,1002.9,1007.9
6152,1004.2,1008.2
6153,1001.9,1007.9
6154,1001.5,1011.5
6155,1007.8,1011.8
6156,1006.2,1011.2
6157,1004.6,1009.6
6158,1004.5,1008.5
6159,1003.6,1007.6
6160,1002.7,1009.7
6161,1006.6,1010.6
6162,1006.2,1010.2
6163,1005.2,1009.2
6164,1004.9,1008.9
6165,1004.9,1008.9
6166,1004.9,1008.9
6167,1005.0,1011.0
6168,1006.6,1010.6
6169,1001.6,1010.6
6170,1001.0,1005.0
6171,1001.0,1005.0
6172,1001.0,1006.0
6173,1002.2,1006.2
6174,1000.4,1006.4
6175,1001.4,1007.4
6176,1002.6,1007.6
6177,1000.5,1006.5
6178,1000.8,1005.8
6179,999.8,1005.8
6180,999.8,1003.8
6181,1000.0,1004.0
6182,999.2,1003.2
6183,999.3,1005.3
6184,1002.0,1006.0
6185,1002.0,1006.0
6186,1001.4,1005.4
6187,1002.2,1008.2
6188,1005.0,1009.0
6189,1004.8,1009.8
6190,1006.5,1010.5
6191,1006.0,1010.0
6192,1006.0,1010.0
6193,1006.0,1010.0
6194,1005.8,1009.8
6195,1006.4,1010.4
6196,1005.7,1014.7
6197,1010.6,1017.6
6198,1013.6,1017.6
6199,1013.6,1017.6
6200,1014.2,1018.2
6201,1014.6,1018.6
6202,1014.7,1018.7
6203,1013.7,1019.7
6204,1014.8,1018.8
6205,1014.8,1019.8
6206,1016.5,1020.5
6207,1017.1,1021.1
6208,1017.7,1021.7
6209,1017.6,1021.6
6210,1014.6,1021.6
6211,1013.4,1018.4
6212,1013.2,1017.2
6213,1013.2,1018.2
6214,1014.4,1018.4
6215,1010.6,1017.6
6216,1010.2,1014.2
6217,1009.7,1013.7
6218,1008.7,1013.7
6219,1006.8,1011.8
6220,1006.8,1010.8
6221,1006.8,1010.8
6222,1006.3,1010.3
6223,1006.2,1010.2
6224,1006.2,1011.2
6225,1007.2,1011.2
6226,1007.4,1012.4
6227,1008.6,1013.6
6228,1009.7,1014.7
6229,1011.1,1015.1
6230,1010.8,1014.8
6231,1010.7,1014.7
6232,1009.8,1013.8
6233,1010.1,1014.1
6234,1010.2,1014.2
6235,1010.1,1017.1
6236,1012.2,1017.2
6237,1012.2,1016.2
6238,1011.9,1015.9
6239,1012.8,1016.8
6240,1013.0,1017.0
6241,1013.6,1017.6
6242,1013.9,1017.9
6243,1013.2,1017.2
6244,1013.3,1018.3
6245,1014.8,1018.8
6246,1012.7,1020.7
6247,1015.1,1022.1
6248,1018.8,1022.8
6249,1018.5,1022.5
6250,1018.2,1023.2
6251,1019.8,1023.8
6252,1019.8,1024.8
6253,1020.5,1024.5
6254,1020.5,1024.5
6255,1018.7,1023.7
6256,1018.6,1022.6
6257,1019.0,1023.0
6258,1019.8,1023.8
6259,1019.8,1023.8
6260,1019.0,1023.0
6261,1019.2,1023.2
6262,1019.5,1023.5
6263,1019.5,1023.5
6264,1019.8,1023.8
6265,1019.8,1023.8
6266,1020.4,1024.4
6267,1015.6,1024.6
6268,1015.6,1019.6
6269,1014.6,1019.6
6270,1014.2,1018.2
6271,1015.0,1019.0
6272,1015.2,1019.2
6273,1015.3,1019.3
6274,1014.4,1019.4
6275,1014.2,1018.2
6276,1013.8,1017.8
6277,1013.8,1017.8
6278,1012.9,1016.9
6279,1013.4,1020.4
6280,1014.8,1020.8
6281,1011.9,1017.9
6282,1011.6,1016.6
6283,1012.9,1019.9
6284,1016.0,1020.0
6285,1016.8,1023.8
6286,1020.0,1024.0
6287,1020.0,1026.0
6288,1020.2,1024.2
6289,1020.2,1024.2
6290,1020.5,1024.5
6291,1021.1,1027.1
6292,1023.4,1027.4
6293,1022.8,1026.8
6294,1023.6,1027.6
6295,1022.5,1027.5
6296,1022.2,1026.2
6297,1022.2,1026.2
6298,1022.2,1027.2
6299,1023.3,1028.3
6300,1024.3,1028.3
6301,1023.6,1027.6
6302,1023.2,1027.2
6303,1023.8,1027.8
6304,1023.6,1028.6
6305,1020.0,1029.0
6306,1020.4,1025.4
6307,1022.2,1026.2
6308,1019.2,1026.2
6309,1019.0,1025.0
6310,1020.8,1024.8
6311,1020.5,1024.5
6312,1020.4,1024.4
6313,1020.8,1024.8
6314,1021.5,1025.5
6315,1021.5,1025.5
6316,1021.2,1025.2
6317,1020.8,1025.8
6318,1022.3,1026.3
6319,1021.8,1025.8
6320,1022.3,1026.3
6321,1022.8,1027.8
6322,1023.8,1027.8
6323,1023.5,1027.5
6324,1023.8,1027.8
6325,1023.8,1027.8
6326,1022.8,1026.8
6327,1022.8,1026.8
6328,1020.7,1026.7
6329,1020.4,1024.4
6330,1019.2,1024.2
6331,1017.2,1023.2
6332,1016.8,1023.8
6333,1019.8,1023.8
6334,1020.2,1030.2
6335,1026.4,1030.4
6336,1025.6,1029.6
6337,1025.4,1029.4
6338,1025.3,1031.3
6339,1026.8,1030.8
6340,1026.6,1030.6
6341,1026.6,1032.6
6342,1028.0,1032.0
6343,1027.0,1032.0
6344,1027.0,1031.0
6345,1026.9,1031.9
6346,1026.4,1030.4
6347,1026.2,1030.2
6348,1025.4,1030.4
6349,1025.2,1029.2
6350,1025.6,1030.6
6351,1026.5,1030.5
6352,1026.5,1030.5
6353,1026.3,1030.3
6354,1026.6,1031.6
6355,1028.2,1032.2
6356,1028.3,1032.3
6357,1029.0,1033.0
6358,1029.0,1033.0
6359,1027.5,1033.5
6360,1027.4,1031.4
6361,1027.0,1031.0
6362,1027.1,1031.1
6363,1027.5,1031.5
6364,1026.7,1031.7
6365,1028.0,1032.0
6366,1027.3,1031.3
6367,1027.8,1031.8
6368,1027.1,1031.1
6369,1027.1,1031.1
6370,1027.3,1032.3
6371,1027.8,1032.8
6372,1029.2,1033.2
6373,1029.1,1033.1
6374,1026.0,1033.0
6375,1025.2,1029.2
6376,1025.4,1034.4
6377,1030.8,1034.8
6378,1030.5,1034.5
6379,1030.0,1034.0
6380,1029.9,1033.9
6381,1029.6,1034.6
6382,1030.0,1037.0
6383,1034.0,1041.0
6384,1037.3,1041.3
6385,1037.2,1041.2
6386,1037.3,1041.3
6387,1038.2,1042.2
6388,1038.6,1042.6
6389,1037.3,1042.3
6390,1038.2,1042.2
6391,1037.1,1042.1
6392,1036.5,1040.5
6393,1036.6,1040.6
6394,1037.2,1041.2
6395,1037.2,1041.2
6396,1037.6,1041.6
6397,1037.5,1042.5
6398,1039.4,1043.4
6399,1038.3,1044.3
6400,1038.5,1042.5
6401,1039.0,1043.0
6402,1038.8,1046.8
6403,1040.1,1047.1
6404,1039.8,1043.8
6405,1039.8,1043.8
6406,1040.5,1045.5
6407,1041.8,1047.8
6408,1044.0,1048.0
6409,1044.6,1048.6
6410,1044.6,1048.6
6411,1045.0,1051.0
6412,1047.0,1052.0
6413,1048.0,1053.0
6414,1049.8,1053.8
6415,1048.9,1052.9
6416,1049.2,1053.2
6417,1048.7,1052.7
6418,1048.6,1052.6
6419,1049.0,1055.0
6420,1051.7,1055.7
6421,1051.0,1056.0
6422,1052.8,1056.8
6423,1053.5,1057.5
6424,1053.4,1057.4
6425,1053.0,1059.0
6426,1053.8,1059.8
6427,1053.7,1057.7
6428,1053.6,1057.6
6429,1053.8,1059.8
6430,1056.1,1060.1
6431,1055.0,1060.0
6432,1054.6,1058.6
6433,1054.6,1058.6
6434,1055.0,1059.0
6435,1055.0,1059.0
6436,1055.1,1060.1
6437,1056.2,1060.2
6438,1053.2,1060.2
6439,1052.4,1056.4
6440,1053.2,1057.2
6441,1053.8,1057.8
6442,1053.8,1058.8
6443,1054.9,1058.9
6444,1053.4,1058.4
6445,1052.8,1056.8
6446,1052.1,1056.1
6447,1052.5,1057.5
6448,1053.2,1058.2
6449,1053.0,1058.0
6450,1054.4,1058.4
6451,1054.6,1064.6
6452,1059.9,1064.9
6453,1061.2,1065.2
6454,1061.1,1065.1
6455,1060.2,1065.2
6456,1059.9,1065.9
6457,1062.5,1066.5
6458,1061.7,1066.7
6459,1062.8,1068.8
6460,1065.0,1071.0
6461,1067.4,1071.4
6462,1068.2,1072.2
6463,1068.2,1072.2
6464,1069.2,1073.2
6465,1068.8,1072.8
6466,1068.5,1072.5
6467,1068.5,1072.5
6468,1068.4,1073.4
6469,1068.2,1074.2
6470,1071.0,1075.0
6471,1069.2,1075.2
6472,1068.9,1072.9
6473,1069.0,1073.0
6474,1069.1,1073.1
6475,1068.4,1073.4
6476,1068.2,1072.2
6477,1067.8,1071.8
6478,1068.0,1072.0
6479,1068.8,1072.8
6480,1068.8,1072.8
6481,1068.2,1072.2
6482,1068.5,1072.5
6483,1068.3,1072.3
6484,1068.0,1072.0
6485,1067.2,1072.2
6486,1068.0,1072.0
6487,1067.9,1071.9
6488,1066.5,1071.5
6489,1065.9,1069.9
6490,1065.6,1069.6
6491,1065.2,1069.2
6492,1065.2,1069.2
6493,1065.2,1069.2
6494,1065.2,1069.2
6495,1065.5,1070.5
6496,1067.0,1072.0
6497,1066.8,1071.8
6498,1066.7,1070.7
6499,1066.3,1074.3
6500,1070.6,1074.6
6501,1070.7,1074.7
6502,1070.8,1074.8
6503,1069.8,1074.8
6504,1069.4,1073.4
6505,1070.0,1074.0
6506,1069.0,1074.0
6507,1068.5,1072.5
6508,1068.5,1072.5
6509,1068.8,1073.8
6510,1070.5,1074.5
6511,1068.4,1074.4
6512,1067.5,1071.5
6513,1068.4,1072.4
6514,1068.0,1072.0
6515,1068.0,1072.0
6516,1068.2,1073.2
6517,1070.0,1074.0
6518,1069.4,1073.4
6519,1069.6,1073.6
6520,1070.3,1074.3
6521,1071.1,1075.1
6522,1071.5,1075.5
6523,1071.4,1075.4
6524,1071.4,1076.4
6525,1072.6,1077.6
6526,1073.3,1079.3
6527,1074.3,1079.3
6528,1074.2,1080.2
6529,1076.3,1080.3
6530,1076.8,1080.8
6531,1076.9,1080.9
6532,1077.8,1081.8
6533,1077.5,1081.5
6534,1077.0,1081.0
6535,1077.8,1081.8
6536,1077.4,1081.4
6537,1076.8,1080.8
6538,1077.2,1081.2
6539,1077.2,1083.2
6540,1080.0,1084.0
6541,1080.5,1084.5
6542,1080.8,1084.8
6543,1080.3,1084.3
6544,1080.4,1084.4
6545,1080.2,1084.2
6546,1080.5,1084.5
6547,1080.5,1084.5
6548,1079.9,1086.9
6549,1083.6,1087.6
6550,1083.6,1087.6
6551,1083.5,1087.5
6552,1082.7,1087.7
6553,1078.9,1085.9
6554,1078.3,1082.3
6555,1078.3,1082.3
6556,1078.3,1082.3
6557,1078.3,1083.3
6558,1079.8,1083.8
6559,1079.8,1085.8
6560,1081.6,1085.6
6561,1081.6,1085.6
6562,1081.8,1086.8
6563,1081.9,1086.9
6564,1081.2,1086.2
6565,1082.3,1086.3
6566,1080.5,1085.5
6567,1080.2,1084.2
6568,1079.7,1083.7
6569,1079.6,1083.6
6570,1080.0,1084.0
6571,1080.5,1084.5
6572,1075.4,1085.4
6573,1074.6,1078.6
6574,1074.2,1078.2
6575,1074.5,1078.5
6576,1074.5,1079.5
6577,1074.7,1079.7
6578,1074.4,1078.4
6579,1074.4,1078.4
6580,1070.9,1077.9
6581,1069.0,1074.0
6582,1068.6,1072.6
6583,1066.8,1072.8
6584,1066.2,1072.2
6585,1068.5,1072.5
6586,1069.2,1074.2
6587,1070.2,1074.2
6588,1067.5,1073.5
6589,1066.0,1072.0
6590,1065.2,1069.2
6591,1065.3,1070.3
6592,1066.3,1070.3
6593,1066.4,1070.4
6594,1066.9,1070.9
6595,1067.4,1071.4
6596,1067.1,1071.1
6597,1067.1,1072.1
6598,1068.8,1072.8
6599,1068.5,1073.5
6600,1069.8,1073.8
6601,1069.4,1077.4
6602,1074.3,1078.3
6603,1066.5,1077.5
6604,1064.8,1069.8
6605,1063.8,1067.8
6606,1064.5,1068.5
6607,1064.7,1071.7
6608,1068.0,1073.0
6609,1069.3,1073.3
6610,1069.5,1073.5
6611,1068.3,1073.3
6612,1068.3,1072.3
6613,1069.0,1073.0
6614,1069.5,1073.5
6615,1068.8,1073.8
6616,1068.5,1074.5
6617,1067.8,1072.8
6618,1067.8,1071.8
6619,1067.6,1071.6
6620,1067.6,1071.6
6621,1067.6,1071.6
6622,1067.6,1071.6
6623,1061.6,1071.6
6624,1061.2,1065.2
6625,1060.9,1064.9
6626,1060.8,1064.8
6627,1060.5,1064.5
6628,1061.3,1065.3
6629,1061.2,1065.2
6630,1061.4,1065.4
6631,1061.4,1067.4
6632,1064.2,1068.2
6633,1064.2,1068.2
6634,1063.8,1067.8
6635,1063.6,1068.6
6636,1065.3,1069.3
6637,1064.4,1070.4
6638,1066.8,1070.8
6639,1066.8,1070.8
6640,1067.5,1072.5
6641,1069.2,1074.2
6642,1070.6,1074.6
6643,1070.3,1075.3
6644,1072.0,1076.0
6645,1071.3,1076.3
6646,1070.4,1074.4
6647,1070.2,1075.2
6648,1070.2,1074.2
6649,1069.8,1073.8
6650,1069.3,1073.3
6651,1067.3,1073.3
6652,1066.4,1070.4
6653,1066.2,1070.2
6654,1066.6,1072.6
6655,1068.7,1072.7
6656,1068.6,1072.6
6657,1068.7,1072.7
6658,1067.2,1073.2
6659,1066.8,1072.8
6660,1067.8,1072.8
6661,1067.4,1071.4
6662,1068.2,1072.2
6663,1068.0,1072.0
6664,1068.2,1072.2
6665,1067.6,1071.6
6666,1066.7,1071.7
6667,1068.2,1073.2
6668,1069.6,1075.6
6669,1071.5,1075.5
6670,1072.1,1076.1
6671,1072.1,1076.1
6672,1071.6,1076.6
6673,1072.6,1076.6
6674,1072.3,1076.3
6675,1073.1,1079.1
6676,1072.5,1079.5
6677,1072.5,1077.5
6678,1073.6,1077.6
6679,1073.6,1079.6
6680,1075.8,1079.8
6681,1075.8,1079.8
6682,1075.6,1079.6
6683,1075.5,1079.5
6684,1075.5,1079.5
6685,1075.5,1079.5
6686,1073.8,1079.8
6687,1072.1,1077.1
6688,1070.9,1075.9
6689,1070.2,1074.2
6690,1071.1,1078.1
6691,1074.8,1078.8
6692,1074.7,1078.7
6693,1071.0,1078.0
6694,1070.5,1074.5
6695,1071.1,1075.1
6696,1070.2,1074.2
6697,1070.8,1075.8
6698,1071.2,1075.2
6699,1071.2,1075.2
6700,1070.7,1075.7
6701,1070.6,1074.6
6702,1069.5,1075.5
6703,1068.8,1072.8
6704,1068.8,1072.8
6705,1068.1,1072.1
6706,1067.8,1071.8
6707,1067.5,1071.5
6708,1068.0,1072.0
6709,1067.7,1071.7
6710,1066.5,1071.5
6711,1066.6,1070.6
6712,1065.6,1069.6
6713,1065.4,1069.4
6714,1065.6,1069.6
6715,1065.0,1069.0
6716,1064.2,1069.2
6717,1063.6,1067.6
6718,1064.0,1068.0
6719,1062.8,1067.8
6720,1061.8,1066.8
6721,1061.5,1067.5
6722,1059.5,1065.5
6723,1059.5,1063.5
6724,1059.2,1063.2
6725,1058.4,1064.4
6726,1059.0,1067.0
6727,1061.3,1067.3
6728,1060.8,1065.8
6729,1061.3,1065.3
6730,1060.0,1067.0
6731,1061.8,1065.8
6732,1060.8,1065.8
6733,1060.4,1064.4
6734,1060.0,1064.0
6735,1059.8,1063.8
6736,1059.6,1063.6
6737,1059.8,1069.8
6738,1066.2,1072.2
6739,1068.3,1072.3
6740,1068.2,1073.2
6741,1068.7,1072.7
6742,1068.2,1074.2
6743,1068.8,1072.8
6744,1068.8,1072.8
6745,1068.2,1072.2
6746,1066.2,1072.2
6747,1066.0,1071.0
6748,1066.0,1071.0
6749,1065.5,1070.5
6750,1067.4,1073.4
6751,1070.3,1075.3
6752,1071.4,1075.4
6753,1071.0,1076.0
6754,1071.4,1075.4
6755,1071.5,1075.5
6756,1071.8,1075.8
6757,1071.8,1075.8
6758,1071.1,1076.1
6759,1070.4,1074.4
6760,1070.4,1074.4
6761,1069.5,1076.5
6762,1072.9,1076.9
6763,1072.6,1076.6
6764,1073.0,1077.0
6765,1073.0,1080.0
6766,1076.2,1080.2
6767,1076.7,1080.7
6768,1074.8,1080.8
6769,1073.0,1078.0
6770,1071.9,1076.9
6771,1069.9,1076.9
6772,1071.5,1075.5
6773,1071.3,1075.3
6774,1071.4,1075.4
6775,1068.4,1075.4
6776,1067.9,1071.9
6777,1068.0,1072.0
6778,1065.5,1071.5
6779,1066.0,1070.0
6780,1066.3,1070.3
6781,1066.4,1071.4
6782,1064.4,1071.4
6783,1064.1,1068.1
6784,1063.8,1069.8
6785,1065.2,1069.2
6786,1065.6,1069.6
6787,1064.8,1068.8
6788,1064.2,1068.2
6789,1062.2,1068.2
6790,1061.5,1065.5
6791,1060.0,1065.0
6792,1059.8,1063.8
6793,1059.8,1063.8
6794,1059.8,1063.8
6795,1059.8,1063.8
6796,1059.0,1063.0
6797,1059.3,1063.3
6798,1058.4,1063.4
6799,1058.1,1062.1
6800,1058.1,1062.1
6801,1058.1,1063.1
6802,1059.9,1063.9
6803,1059.4,1064.4
6804,1059.2,1066.2
6805,1062.7,1066.7
6806,1062.3,1066.3
6807,1062.6,1066.6
6808,1063.0,1068.0
6809,1064.4,1068.4
6810,1064.4,1068.4
6811,1064.6,1068.6
6812,1064.4,1071.4
6813,1067.5,1071.5
6814,1067.5,1072.5
6815,1069.1,1073.1
6816,1069.2,1076.2
6817,1072.0,1077.0
6818,1071.9,1077.9
6819,1073.6,1077.6
6820,1073.6,1077.6
6821,1074.2,1078.2
6822,1074.8,1078.8
6823,1074.5,1078.5
6824,1074.5,1078.5
6825,1072.5,1078.5
6826,1071.9,1075.9
6827,1072.2,1076.2
6828,1072.5,1076.5
6829,1071.0,1076.0
6830,1070.2,1074.2
6831,1070.4,1074.4
6832,1070.4,1074.4
6833,1069.8,1073.8
6834,1069.8,1074.8
6835,1070.8,1074.8
6836,1070.8,1077.8
6837,1073.8,1077.8
6838,1074.1,1078.1
6839,1074.0,1078.0
6840,1074.8,1078.8
6841,1074.4,1078.4
6842,1074.4,1079.4
6843,1075.4,1079.4
6844,1075.4,1079.4
6845,1075.8,1080.8
6846,1077.2,1082.2
6847,1077.7,1081.7
6848,1077.5,1081.5
6849,1077.6,1081.6
6850,1077.6,1084.6
6851,1078.0,1085.0
6852,1077.8,1081.8
6853,1077.8,1081.8
6854,1078.0,1085.0
6855,1080.3,1086.3
6856,1081.2,1085.2
6857,1081.1,1085.1
6858,1080.8,1084.8
6859,1081.0,1085.0
6860,1080.2,1084.2
6861,1078.2,1084.2
6862,1078.2,1082.2
6863,1078.6,1082.6
6864,1078.2,1082.2
6865,1078.2,1082.2
6866,1078.1,1082.1
6867,1078.2,1082.2
6868,1078.6,1082.6
6869,1075.7,1082.7
6870,1075.8,1079.8
6871,1076.7,1080.7
6872,1076.8,1080.8
6873,1077.3,1081.3
6874,1077.5,1082.5
6875,1078.5,1083.5
6876,1080.0,1085.0
6877,1079.1,1084.1
6878,1078.6,1083.6
6879,1078.0,1082.0
6880,1078.0,1082.0
6881,1078.0,1085.0
6882,1081.2,1087.2
6883,1083.4,1087.4
6884,1084.0,1089.0
6885,1085.2,1089.2
6886,1085.2,1089.2
6887,1083.9,1088.9
6888,1083.3,1087.3
6889,1083.3,1087.3
6890,1083.3,1087.3
6891,1081.2,1087.2
6892,1077.3,1084.3
6893,1077.2,1081.2
6894,1077.2,1081.2
6895,1076.5,1080.5
6896,1076.8,1080.8
6897,1077.4,1081.4
6898,1075.4,1081.4
6899,1074.6,1078.6
6900,1074.5,1078.5
6901,1075.1,1079.1
6902,1076.0,1080.0
6903,1076.7,1080.7
6904,1073.9,1080.9
6905,1073.9,1077.9
6906,1074.0,1078.0
6907,1073.0,1079.0
6908,1073.4,1077.4
6909,1073.4,1077.4
6910,1072.4,1077.4
6911,1070.9,1076.9
6912,1070.2,1076.2
6913,1072.8,1076.8
6914,1073.6,1079.6
6915,1075.9,1079.9
6916,1075.9,1080.9
6917,1077.0,1081.0
6918,1077.8,1081.8
6919,1077.8,1081.8
6920,1077.8,1081.8
6921,1072.8,1081.8
6922,1072.2,1076.2
6923,1070.2,1076.2
6924,1070.3,1074.3
6925,1070.3,1074.3
6926,1070.3,1076.3
6927,1072.6,1076.6
6928,1072.6,1079.6
6929,1075.4,1079.4
6930,1076.0,1080.0
6931,1076.8,1080.8
6932,1076.7,1080.7
6933,1077.3,1084.3
6934,1079.4,1084.4
6935,1078.5,1082.5
6936,1078.8,1083.8
6937,1080.2,1086.2
6938,1082.8,1086.8
6939,1081.2,1086.2
6940,1078.0,1085.0
6941,1077.6,1081.6
6942,1078.5,1082.5
6943,1078.6,1082.6
6944,1076.6,1082.6
6945,1076.4,1080.4
6946,1075.0,1080.0
6947,1074.2,1082.2
6948,1078.4,1085.4
6949,1081.4,1085.4
6950,1081.0,1086.0
6951,1081.5,1086.5
6952,1081.5,1085.5
6953,1080.7,1085.7
6954,1080.7,1084.7
6955,1079.5,1084.5
6956,1077.8,1083.8
6957,1079.3,1083.3
6958,1079.2,1083.2
6959,1079.7,1084.7
6960,1081.6,1085.6
6961,1081.0,1085.0
6962,1081.1,1085.1
6963,1080.1,1085.1
6964,1079.2,1083.2
6965,1076.2,1082.2
6966,1075.6,1081.6
6967,1078.2,1084.2
6968,1080.4,1085.4
6969,1081.4,1085.4
6970,1081.4,1085.4
6971,1081.0,1086.0
6972,1080.9,1085.9
6973,1079.5,1084.5
6974,1078.0,1083.0
6975,1077.1,1081.1
6976,1077.0,1081.0
6977,1077.8,1081.8
6978,1078.0,1082.0
6979,1078.4,1082.4
6980,1078.2,1085.2
6981,1081.5,1085.5
6982,1081.8,1085.8
6983,1081.8,1085.8
6984,1082.3,1087.3
6985,1083.4,1087.4
6986,1083.0,1087.0
6987,1080.4,1086.4
6988,1079.5,1083.5
6989,1079.8,1083.8
6990,1079.2,1083.2
6991,1079.0,1084.0
6992,1075.0,1083.0
6993,1074.4,1079.4
6994,1075.5,1079.5
6995,1075.2,1079.2
6996,1073.1,1080.1
6997,1072.8,1077.8
6998,1074.1,1078.1
6999,1074.0,1078.0
7000,1073.6,1078.6
7001,1074.9,1078.9
7002,1074.0,1079.0
7003,1073.7,1077.7
7004,1073.3,1077.3
7005,1072.5,1078.5
7006,1073.1,1079.1
7007,1075.5,1079.5
7008,1075.4,1079.4
7009,1074.4,1079.4
7010,1074.0,1078.0
7011,1072.0,1078.0
7012,1072.0,1077.0
7013,1072.3,1078.3
7014,1074.0,1078.0
7015,1073.5,1078.5
7016,1075.4,1080.4
7017,1076.4,1082.4
7018,1078.4,1082.4
7019,1078.0,1082.0
7020,1078.0,1082.0
7021,1076.8,1082.8
7022,1074.8,1080.8
7023,1074.0,1078.0
7024,1074.2,1078.2
7025,1073.8,1077.8
7026,1073.8,1077.8
7027,1074.4,1081.4
7028,1077.4,1081.4
7029,1077.5,1081.5
7030,1074.4,1081.4
7031,1074.2,1080.2
7032,1076.4,1080.4
7033,1075.6,1079.6
7034,1076.2,1080.2
7035,1071.2,1080.2
7036,1071.0,1077.0
7037,1070.0,1077.0
7038,1069.8,1075.8
7039,1072.2,1076.2
7040,1072.1,1076.1
7041,1068.1,1076.1
7042,1068.2,1072.2
7043,1067.2,1072.2
7044,1067.2,1071.2
7045,1067.9,1071.9
7046,1066.8,1071.8
7047,1066.3,1071.3
7048,1067.6,1071.6
7049,1066.0,1072.0
7050,1065.4,1069.4
7051,1064.4,1069.4
7052,1063.1,1068.1
7053,1062.8,1066.8
7054,1062.0,1067.0
7055,1063.0,1067.0
7056,1062.8,1066.8
7057,1062.8,1066.8
7058,1060.9,1066.9
7059,1060.9,1064.9
7060,1060.5,1064.5
7061,1059.5,1064.5
7062,1059.1,1063.1
7063,1058.2,1065.2
7064,1061.3,1065.3
7065,1061.4,1065.4
7066,1061.4,1065.4
7067,1062.0,1066.0
7068,1061.4,1066.4
7069,1062.1,1067.1
7070,1063.2,1067.2
7071,1063.2,1067.2
7072,1061.0,1067.0
7073,1060.8,1064.8
7074,1061.0,1065.0
7075,1060.9,1067.9
7076,1064.8,1068.8
7077,1065.0,1069.0
7078,1065.0,1070.0
7079,1066.4,1070.4
7080,1066.3,1070.3
7081,1064.3,1070.3
7082,1063.6,1068.6
7083,1065.0,1069.0
7084,1065.5,1069.5
7085,1065.2,1071.2
7086,1067.5,1071.5
7087,1067.6,1071.6
7088,1067.6,1071.6
7089,1067.6,1074.6
7090,1070.8,1074.8
7091,1070.8,1075.8
7092,1071.8,1075.8
7093,1071.4,1075.4
7094,1070.1,1075.1
7095,1069.9,1073.9
7096,1069.8,1073.8
7097,1068.9,1073.9
7098,1068.8,1072.8
7099,1068.2,1072.2
7100,1068.1,1072.1
7101,1068.2,1072.2
7102,1067.0,1072.0
7103,1066.8,1070.8
7104,1064.2,1072.2
7105,1065.1,1069.1
7106,1065.1,1072.1
7107,1068.2,1072.2
7108,1068.3,1072.3
7109,1067.9,1071.9
7110,1067.6,1071.6
7111,1068.3,1072.3
7112,1069.2,1073.2
7113,1069.2,1077.2
7114,1073.5,1077.5
7115,1073.6,1077.6
7116,1074.2,1078.2
7117,1074.2,1078.2
7118,1073.8,1078.8
7119,1074.6,1082.6
7120,1078.8,1082.8
7121,1079.8,1083.8
7122,1079.2,1083.2
7123,1078.5,1082.5
7124,1078.4,1083.4
7125,1079.3,1083.3
7126,1079.7,1083.7
7127,1080.6,1084.6
7128,1080.6,1085.6
7129,1081.8,1085.8
7130,1080.5,1085.5
7131,1079.9,1083.9
7132,1080.0,1084.0
7133,1078.3,1083.3
7134,1078.2,1082.2
7135,1078.3,1082.3
7136,1078.3,1082.3
7137,1078.2,1082.2
7138,1078.2,1083.2
7139,1079.2,1083.2
7140,1079.2,1083.2
7141,1079.0,1083.0
7142,1078.6,1082.6
7143,1078.2,1082.2
7144,1076.8,1081.8
7145,1076.6,1080.6
7146,1075.3,1080.3
7147,1075.0,1079.0
7148,1075.6,1080.6
7149,1073.8,1080.8
7150,1073.5,1077.5
7151,1072.5,1077.5
7152,1072.2,1076.2
7153,1071.7,1075.7
7154,1071.6,1075.6
7155,1071.4,1075.4
7156,1071.4,1075.4
7157,1071.8,1075.8
7158,1072.0,1076.0
7159,1071.9,1075.9
7160,1072.0,1076.0
7161,1072.9,1076.9
7162,1072.8,1076.8
7163,1073.1,1077.1
7164,1073.2,1077.2
7165,1072.3,1076.3
7166,1073.0,1077.0
7167,1073.0,1077.0
7168,1073.0,1077.0
7169,1073.6,1077.6
7170,1073.0,1078.0
7171,1072.3,1078.3
7172,1074.3,1078.3
7173,1073.4,1078.4
7174,1074.6,1082.6
7175,1078.8,1082.8
7176,1078.2,1082.2
7177,1078.0,1082.0
7178,1076.5,1082.5
7179,1074.3,1080.3
7180,1073.6,1077.6
7181,1073.6,1077.6
7182,1074.2,1078.2
7183,1073.5,1077.5
7184,1073.5,1077.5
7185,1073.5,1077.5
7186,1072.8,1077.8
7187,1069.5,1076.5
7188,1070.1,1075.1
7189,1071.2,1075.2
7190,1071.2,1075.2
7191,1071.2,1075.2
7192,1071.2,1075.2
7193,1070.5,1074.5
7194,1069.5,1074.5
7195,1069.3,1073.3
7196,1069.3,1073.3
7197,1070.0,1074.0
7198,1069.7,1073.7
7199,1069.8,1073.8
7200,1069.8,1073.8
7201,1069.1,1073.1
7202,1067.7,1072.7
7203,1067.3,1075.3
7204,1070.3,1075.3
7205,1070.4,1074.4
7206,1070.1,1074.1
7207,1069.8,1073.8
7208,1068.8,1073.8
7209,1068.0,1072.0
7210,1067.4,1071.4
7211,1067.6,1072.6
7212,1068.8,1072.8
7213,1068.9,1072.9
7214,1068.0,1073.0
7215,1067.2,1071.2
7216,1066.8,1071.8
7217,1067.8,1071.8
7218,1068.0,1072.0
7219,1067.7,1071.7
7220,1067.2,1071.2
7221,1066.2,1071.2
7222,1065.8,1069.8
7223,1064.1,1071.1
7224,1064.8,1068.8
7225,1062.3,1068.3
7226,1062.3,1066.3
7227,1061.9,1065.9
7228,1061.8,1066.8
7229,1059.2,1066.2
7230,1058.8,1062.8
7231,1058.8,1062.8
7232,1058.6,1063.6
7233,1057.2,1062.2
7234,1057.2,1061.2
7235,1057.2,1061.2
7236,1056.9,1060.9
7237,1056.9,1061.9
7238,1056.0,1062.0
7239,1055.8,1061.8
7240,1057.7,1061.7
7241,1057.7,1061.7
7242,1058.3,1066.3
7243,1062.4,1066.4
7244,1061.6,1065.6
7245,1062.2,1068.2
7246,1063.3,1067.3
7247,1063.6,1067.6
7248,1062.6,1067.6
7249,1058.8,1065.8
7250,1058.7,1062.7
7251,1059.2,1063.2
7252,1058.2,1064.2
7253,1059.5,1065.5
7254,1060.8,1065.8
7255,1059.0,1064.0
7256,1058.8,1062.8
7257,1058.8,1062.8
7258,1059.0,1064.0
7259,1060.5,1064.5
7260,1061.5,1065.5
7261,1061.3,1065.3
7262,1061.2,1066.2
7263,1062.3,1066.3
7264,1060.2,1066.2
7265,1060.2,1066.2
7266,1062.2,1066.2
7267,1062.0,1066.0
7268,1062.0,1068.0
7269,1063.8,1067.8
7270,1064.2,1068.2
7271,1064.2,1068.2
7272,1064.2,1068.2
7273,1064.6,1068.6
7274,1064.5,1072.5
7275,1067.2,1072.2
7276,1066.5,1070.5
7277,1067.4,1071.4
7278,1068.0,1072.0
7279,1067.4,1072.4
7280,1068.4,1074.4
7281,1071.3,1075.3
7282,1071.3,1075.3
7283,1071.2,1076.2
7284,1067.1,1075.1
7285,1066.5,1070.5
7286,1066.8,1072.8
7287,1069.0,1073.0
7288,1068.8,1072.8
7289,1067.4,1072.4
7290,1066.8,1070.8
7291,1066.2,1071.2
7292,1067.2,1071.2
7293,1067.2,1071.2
7294,1065.2,1070.2
7295,1065.0,1071.0
7296,1067.7,1071.7
7297,1066.8,1070.8
7298,1066.9,1074.9
7299,1071.0,1075.0
7300,1072.0,1076.0
7301,1071.6,1075.6
7302,1071.1,1076.1
7303,1072.1,1078.1
7304,1075.0,1079.0
7305,1074.6,1078.6
7306,1073.0,1079.0
7307,1072.4,1080.4
7308,1076.5,1080.5
7309,1074.4,1080.4
7310,1073.9,1078.9
7311,1075.2,1079.2
7312,1075.5,1079.5
7313,1075.0,1081.0
7314,1077.6,1081.6
7315,1077.8,1081.8
7316,1077.0,1082.0
7317,1077.0,1082.0
7318,1076.2,1082.2
7319,1075.6,1083.6
7320,1080.3,1085.3
7321,1082.0,1093.0
7322,1087.7,1093.7
7323,1086.8,1091.8
7324,1086.7,1090.7
7325,1087.2,1091.2
7326,1087.9,1091.9
7327,1088.0,1092.0
7328,1087.8,1093.8
7329,1090.2,1094.2
7330,1089.8,1093.8
7331,1090.5,1094.5
7332,1091.4,1095.4
7333,1091.0,1095.0
7334,1090.8,1094.8
7335,1088.4,1095.4
7336,1088.4,1092.4
7337,1087.8,1092.8
7338,1087.3,1091.3
7339,1087.0,1091.0
7340,1086.5,1091.5
7341,1086.6,1091.6
7342,1085.9,1089.9
7343,1085.0,1089.0
7344,1084.6,1088.6
7345,1084.2,1088.2
7346,1084.2,1088.2
7347,1083.9,1087.9
7348,1083.4,1088.4
7349,1083.3,1087.3
7350,1083.3,1087.3
7351,1082.5,1092.5
7352,1089.5,1093.5
7353,1089.5,1094.5
7354,1090.6,1094.6
7355,1090.6,1094.6
7356,1089.9,1093.9
7357,1089.2,1093.2
7358,1088.8,1094.8
7359,1090.6,1094.6
7360,1090.4,1094.4
7361,1090.9,1095.9
7362,1091.9,1096.9
7363,1093.2,1097.2
7364,1094.0,1098.0
7365,1093.2,1097.2
7366,1093.0,1097.0
7367,1093.0,1097.0
7368,1093.0,1098.0
7369,1091.8,1097.8
7370,1091.7,1096.7
7371,1093.4,1098.4
7372,1094.8,1098.8
7373,1094.2,1098.2
7374,1093.6,1097.6
7375,1093.9,1097.9
7376,1092.8,1097.8
7377,1092.5,1096.5
7378,1092.4,1097.4
7379,1092.4,1096.4
7380,1092.9,1096.9
7381,1089.0,1097.0
7382,1088.2,1092.2
7383,1088.6,1092.6
7384,1088.5,1092.5
7385,1088.5,1096.5
7386,1091.6,1096.6
7387,1091.4,1097.4
7388,1090.3,1097.3
7389,1090.2,1094.2
7390,1087.5,1093.5
7391,1087.0,1091.0
7392,1087.0,1091.0
7393,1087.0,1091.0
7394,1087.2,1091.2
7395,1087.2,1091.2
7396,1085.4,1091.4
7397,1082.6,1088.6
7398,1082.5,1086.5
7399,1082.8,1086.8
7400,1082.0,1088.0
7401,1084.3,1088.3
7402,1084.0,1088.0
7403,1084.3,1088.3
7404,1084.3,1090.3
7405,1086.2,1091.2
7406,1085.8,1089.8
7407,1084.8,1089.8
7408,1084.7,1088.7
7409,1084.8,1088.8
7410,1085.3,1089.3
7411,1085.6,1089.6
7412,1085.2,1089.2
7413,1085.2,1089.2
7414,1084.7,1088.7
7415,1084.8,1090.8
7416,1087.0,1091.0
7417,1084.6,1091.6
7418,1084.5,1088.5
7419,1084.2,1088.2
7420,1083.6,1088.6
7421,1083.8,1087.8
7422,1083.5,1087.5
7423,1083.7,1087.7
7424,1082.5,1088.5
7425,1082.4,1089.4
7426,1084.3,1088.3
7427,1082.6,1087.6
7428,1082.5,1086.5
7429,1082.3,1086.3
7430,1081.8,1085.8
7431,1082.1,1086.1
7432,1078.3,1086.3
7433,1078.3,1082.3
7434,1078.6,1082.6
7435,1078.5,1082.5
7436,1078.5,1082.5
7437,1078.9,1088.9
7438,1085.0,1089.0
7439,1084.6,1091.6
7440,1088.1,1092.1
7441,1088.1,1092.1
7442,1087.0,1092.0
7443,1083.2,1090.2
7444,1079.6,1086.6
7445,1078.5,1083.5
7446,1078.3,1082.3
7447,1078.8,1082.8
7448,1078.8,1082.8
7449,1078.6,1082.6
7450,1078.4,1083.4
7451,1077.4,1081.4
7452,1076.8,1080.8
7453,1076.3,1080.3
7454,1077.2,1083.2
7455,1080.0,1084.0
7456,1080.1,1084.1
7457,1079.6,1084.6
7458,1079.7,1084.7
7459,1081.2,1085.2
7460,1081.3,1085.3
7461,1081.0,1085.0
7462,1077.5,1085.5
7463,1077.1,1081.1
7464,1077.1,1086.1
7465,1082.8,1086.8
7466,1082.0,1086.0
7467,1082.0,1086.0
7468,1082.0,1087.0
7469,1083.0,1087.0
7470,1083.9,1087.9
7471,1083.9,1087.9
7472,1083.3,1087.3
7473,1083.8,1087.8
7474,1083.3,1087.3
7475,1083.6,1100.6
7476,1096.8,1101.8
7477,1097.8,1101.8
7478,1097.2,1102.2
7479,1097.0,1101.0
7480,1097.8,1101.8
7481,1097.8,1101.8
7482,1096.0,1102.0
7483,1095.4,1099.4
7484,1095.9,1099.9
7485,1093.2,1100.2
7486,1092.4,1096.4
7487,1091.7,1095.7
7488,1091.4,1095.4
7489,1091.0,1096.0
7490,1091.2,1096.2
7491,1091.5,1095.5
7492,1090.2,1096.2
7493,1090.1,1094.1
7494,1090.1,1094.1
7495,1089.2,1093.2
7496,1089.1,1093.1
7497,1087.2,1092.2
7498,1086.6,1090.6
7499,1086.8,1090.8
7500,1086.5,1090.5
7501,1085.8,1089.8
7502,1085.8,1089.8
7503,1086.1,1090.1
7504,1086.8,1090.8
7505,1087.0,1092.0
7506,1088.5,1093.5
7507,1088.8,1093.8
7508,1088.8,1092.8
7509,1088.8,1093.8
7510,1089.6,1094.6
7511,1090.9,1094.9
7512,1089.8,1094.8
7513,1089.5,1093.5
7514,1090.3,1094.3
7515,1090.8,1094.8
7516,1090.7,1094.7
7517,1091.0,1095.0
7518,1090.2,1095.2
7519,1089.3,1093.3
7520,1088.5,1092.5
7521,1087.5,1092.5
7522,1086.6,1093.6
7523,1089.5,1093.5
7524,1089.0,1093.0
7525,1089.2,1093.2
7526,1088.7,1092.7
7527,1087.7,1092.7
7528,1087.8,1091.8
7529,1087.8,1091.8
7530,1086.6,1091.6
7531,1084.8,1089.8
7532,1084.8,1088.8
7533,1084.8,1088.8
7534,1084.0,1090.0
7535,1086.3,1090.3
7536,1087.0,1091.0
7537,1085.8,1090.8
7538,1085.4,1090.4
7539,1086.0,1090.0
7540,1083.3,1089.3
7541,1082.7,1086.7
7542,1082.4,1086.4
7543,1082.0,1086.0
7544,1081.1,1088.1
7545,1084.2,1088.2
7546,1083.5,1087.5
7547,1081.5,1087.5
7548,1081.2,1085.2
7549,1081.0,1085.0
7550,1080.7,1084.7
7551,1081.2,1085.2
7552,1081.2,1085.2
7553,1081.2,1085.2
7554,1081.2,1086.2
7555,1081.8,1085.8
7556,1081.5,1085.5
7557,1077.4,1085.4
7558,1076.3,1081.3
7559,1073.8,1079.8
7560,1073.0,1077.0
7561,1072.0,1077.0
7562,1071.8,1075.8
7563,1071.8,1076.8
7564,1072.8,1078.8
7565,1075.4,1079.4
7566,1075.0,1079.0
7567,1075.0,1079.0
7568,1076.0,1080.0
7569,1076.7,1080.7
7570,1076.0,1080.0
7571,1075.4,1080.4
7572,1074.6,1078.6
7573,1074.6,1078.6
7574,1073.2,1078.2
7575,1071.9,1076.9
7576,1071.4,1076.4
7577,1071.6,1076.6
7578,1071.6,1075.6
7579,1072.4,1076.4
7580,1070.4,1076.4
7581,1067.7,1074.7
7582,1067.7,1071.7
7583,1068.4,1072.4
7584,1068.7,1072.7
7585,1068.7,1072.7
7586,1068.9,1072.9
7587,1068.9,1072.9
7588,1067.7,1073.7
7589,1068.4,1073.4
7590,1069.4,1074.4
7591,1069.4,1074.4
7592,1068.6,1072.6
7593,1067.9,1072.9
7594,1067.8,1071.8
7595,1067.4,1072.4
7596,1067.1,1071.1
7597,1067.8,1071.8
7598,1067.9,1071.9
7599,1068.1,1073.1
7600,1069.9,1073.9
7601,1069.4,1073.4
7602,1070.0,1075.0
7603,1071.3,1075.3
7604,1071.0,1077.0
7605,1073.8,1079.8
7606,1070.7,1080.7
7607,1070.6,1074.6
7608,1071.5,1081.5
7609,1077.4,1081.4
7610,1076.5,1082.5
7611,1077.5,1082.5
7612,1079.5,1083.5
7613,1078.5,1083.5
7614,1078.8,1082.8
7615,1078.9,1084.9
7616,1077.0,1085.0
7617,1073.9,1081.9
7618,1075.2,1079.2
7619,1075.2,1079.2
7620,1075.2,1079.2
7621,1075.8,1079.8
7622,1074.4,1080.4
7623,1074.0,1079.0
7624,1075.0,1079.0
7625,1074.2,1079.2
7626,1074.0,1078.0
7627,1074.0,1078.0
7628,1073.7,1077.7
7629,1073.4,1077.4
7630,1073.9,1077.9
7631,1073.6,1077.6
7632,1072.8,1076.8
7633,1073.0,1077.0
7634,1073.3,1078.3
7635,1074.8,1078.8
7636,1075.0,1079.0
7637,1075.0,1079.0
7638,1073.9,1079.9
7639,1073.3,1077.3
7640,1073.6,1077.6
7641,1073.8,1077.8
7642,1070.9,1076.9
7643,1070.1,1074.1
7644,1069.0,1074.0
7645,1068.8,1073.8
7646,1068.4,1073.4
7647,1068.2,1072.2
7648,1067.8,1071.8
7649,1068.0,1073.0
7650,1069.1,1074.1
7651,1070.3,1074.3
7652,1070.7,1074.7
7653,1069.8,1073.8
7654,1068.8,1073.8
7655,1070.3,1074.3
7656,1070.3,1074.3
7657,1067.3,1074.3
7658,1068.2,1072.2
7659,1067.5,1071.5
7660,1066.6,1071.6
7661,1065.2,1070.2
7662,1065.0,1070.0
7663,1064.3,1070.3
7664,1064.3,1068.3
7665,1063.9,1067.9
7666,1063.0,1068.0
7667,1062.6,1066.6
7668,1062.3,1066.3
7669,1062.3,1066.3
7670,1062.0,1066.0
7671,1062.7,1066.7
7672,1063.2,1067.2
7673,1063.2,1068.2
7674,1065.0,1069.0
7675,1063.0,1069.0
7676,1063.0,1067.0
7677,1063.2,1067.2
7678,1063.0,1067.0
7679,1062.4,1066.4
7680,1062.1,1066.1
7681,1062.0,1066.0
7682,1062.5,1066.5
7683,1063.0,1068.0
7684,1063.8,1068.8
7685,1065.2,1069.2
7686,1064.4,1068.4
7687,1063.8,1067.8
7688,1062.6,1067.6
7689,1062.5,1067.5
7690,1063.5,1067.5
7691,1063.8,1067.8
7692,1063.2,1068.2
7693,1062.9,1066.9
7694,1062.8,1066.8
7695,1062.8,1067.8
7696,1064.4,1068.4
7697,1064.4,1068.4
7698,1064.5,1070.5
7699,1067.0,1071.0
7700,1066.3,1070.3
7701,1066.2,1071.2
7702,1067.9,1071.9
7703,1067.4,1071.4
7704,1066.7,1070.7
7705,1065.6,1070.6
7706,1064.6,1068.6
7707,1059.3,1068.3
7708,1058.7,1062.7
7709,1058.5,1063.5
7710,1059.3,1064.3
7711,1058.4,1062.4
7712,1059.2,1063.2
7713,1058.6,1062.6
7714,1057.6,1062.6
7715,1057.3,1061.3
7716,1058.2,1062.2
7717,1057.7,1061.7
7718,1058.0,1064.0
7719,1060.4,1065.4
7720,1061.6,1065.6
7721,1062.3,1068.3
7722,1059.4,1068.4
7723,1059.1,1063.1
7724,1059.2,1063.2
7725,1059.8,1063.8
7726,1059.0,1064.0
7727,1060.5,1064.5
7728,1061.2,1065.2
7729,1060.7,1064.7
7730,1061.0,1065.0
7731,1060.1,1067.1
7732,1063.4,1072.4
7733,1068.0,1072.0
7734,1066.8,1071.8
7735,1065.4,1070.4
7736,1065.2,1069.2
7737,1065.2,1069.2
7738,1064.0,1070.0
7739,1063.8,1067.8
7740,1062.8,1067.8
7741,1062.2,1066.2
7742,1062.2,1067.2
7743,1063.5,1067.5
7744,1062.7,1066.7
7745,1062.4,1066.4
7746,1062.4,1067.4
7747,1063.6,1068.6
7748,1065.0,1070.0
7749,1066.8,1070.8
7750,1066.3,1071.3
7751,1068.0,1072.0
7752,1068.0,1072.0
7753,1067.8,1071.8
7754,1067.7,1071.7
7755,1068.5,1072.5
7756,1068.6,1072.6
7757,1069.3,1073.3
7758,1069.6,1073.6
7759,1069.6,1073.6
7760,1070.2,1074.2
7761,1070.2,1074.2
7762,1070.2,1074.2
7763,1067.2,1074.2
7764,1068.4,1072.4
7765,1068.4,1072.4
7766,1067.6,1072.6
7767,1067.2,1074.2
7768,1070.8,1074.8
7769,1070.8,1074.8
7770,1071.4,1077.4
7771,1073.6,1078.6
7772,1075.0,1079.0
7773,1075.7,1079.7
7774,1076.3,1080.3
7775,1076.3,1080.3
7776,1074.7,1079.7
7777,1074.7,1078.7
7778,1074.7,1079.7
7779,1075.5,1079.5
7780,1076.4,1080.4
7781,1076.2,1081.2
7782,1077.0,1082.0
7783,1075.8,1080.8
7784,1075.8,1080.8
7785,1076.9,1080.9
7786,1076.9,1080.9
7787,1076.9,1080.9
7788,1076.5,1080.5
7789,1076.6,1080.6
7790,1076.6,1080.6
7791,1076.2,1080.2
7792,1077.0,1081.0
7793,1077.0,1081.0
7794,1077.8,1082.8
7795,1079.0,1083.0
7796,1078.4,1082.4
7797,1077.5,1081.5
7798,1078.0,1082.0
7799,1078.5,1083.5
7800,1080.0,1085.0
7801,1079.2,1085.2
7802,1077.2,1084.2
7803,1079.2,1083.2
7804,1079.2,1085.2
7805,1082.0,1086.0
7806,1082.2,1086.2
7807,1082.4,1088.4
7808,1083.5,1089.5
7809,1083.6,1088.6
7810,1082.1,1087.1
7811,1081.5,1085.5
7812,1081.0,1087.0
7813,1083.2,1087.2
7814,1082.8,1086.8
7815,1082.8,1086.8
7816,1083.0,1087.0
7817,1080.4,1086.4
7818,1080.6,1084.6
7819,1080.8,1084.8
7820,1080.5,1084.5
7821,1080.5,1084.5
7822,1079.1,1084.1
7823,1078.9,1082.9
7824,1079.0,1083.0
7825,1078.8,1084.8
7826,1080.6,1084.6
7827,1080.5,1084.5
7828,1080.2,1084.2
7829,1079.7,1084.7
7830,1080.8,1084.8
7831,1077.8,1084.8
7832,1077.7,1081.7
7833,1076.8,1080.8
7834,1076.7,1080.7
7835,1076.9,1080.9
7836,1077.4,1082.4
7837,1079.0,1084.0
7838,1080.0,1084.0
7839,1080.0,1084.0
7840,1080.0,1084.0
7841,1080.2,1084.2
7842,1079.2,1084.2
7843,1078.8,1083.8
7844,1079.6,1083.6
7845,1079.2,1083.2
7846,1079.0,1086.0
7847,1080.0,1086.0
7848,1079.0,1084.0
7849,1078.1,1082.1
7850,1078.2,1082.2
7851,1078.2,1082.2
7852,1077.4,1082.4
7853,1077.5,1081.5
7854,1077.5,1082.5
7855,1078.8,1083.8
7856,1079.2,1084.2
7857,1076.9,1082.9
7858,1076.6,1080.6
7859,1076.7,1080.7
7860,1076.0,1080.0
7861,1076.0,1083.0
7862,1077.3,1083.3
7863,1077.3,1081.3
7864,1077.9,1081.9
7865,1077.8,1081.8
7866,1075.3,1081.3
7867,1074.3,1079.3
7868,1073.4,1077.4
7869,1073.6,1077.6
7870,1073.2,1077.2
7871,1073.5,1078.5
7872,1075.0,1079.0
7873,1074.0,1078.0
7874,1073.8,1078.8
7875,1075.2,1079.2
7876,1075.8,1079.8
7877,1076.1,1080.1
7878,1075.4,1080.4
7879,1075.0,1079.0
7880,1075.9,1079.9
7881,1076.3,1080.3
7882,1072.9,1079.9
7883,1072.3,1076.3
7884,1072.0,1076.0
7885,1072.2,1078.2
7886,1074.3,1079.3
7887,1074.3,1079.3
7888,1073.3,1078.3
7889,1072.8,1077.8
7890,1074.2,1079.2
7891,1075.3,1079.3
7892,1075.6,1079.6
7893,1075.6,1079.6
7894,1076.0,1080.0
7895,1074.8,1079.8
7896,1072.0,1078.0
7897,1071.6,1075.6
7898,1070.8,1075.8
7899,1070.4,1076.4
7900,1069.6,1074.6
7901,1070.3,1074.3
7902,1069.6,1074.6
7903,1069.5,1073.5
7904,1068.2,1073.2
7905,1067.4,1071.4
7906,1067.4,1072.4
7907,1065.7,1072.7
7908,1064.8,1068.8
7909,1064.2,1068.2
7910,1063.2,1067.2
7911,1060.8,1066.8
7912,1060.5,1064.5
7913,1060.4,1064.4
7914,1059.0,1064.0
7915,1058.8,1062.8
7916,1058.0,1063.0
7917,1056.7,1061.7
7918,1055.2,1060.2
7919,1054.5,1058.5
7920,1054.0,1058.0
7921,1054.6,1058.6
7922,1053.5,1058.5
7923,1053.0,1057.0
7924,1052.3,1056.3
7925,1052.0,1056.0
7926,1051.8,1055.8
7927,1051.0,1056.0
7928,1052.0,1058.0
7929,1054.6,1059.6
7930,1056.4,1060.4
7931,1056.5,1060.5
7932,1056.2,1060.2
7933,1056.2,1060.2
7934,1055.8,1061.8
7935,1058.2,1062.2
7936,1057.8,1062.8
7937,1056.8,1062.8
7938,1058.3,1063.3
7939,1058.2,1062.2
7940,1058.6,1062.6
7941,1058.4,1062.4
7942,1057.2,1062.2
7943,1056.4,1060.4
7944,1056.1,1060.1
7945,1055.1,1060.1
7946,1055.5,1061.5
7947,1056.5,1061.5
7948,1056.5,1060.5
7949,1056.2,1060.2
7950,1056.4,1061.4
7951,1057.3,1061.3
7952,1057.5,1061.5
7953,1057.2,1061.2
7954,1057.2,1066.2
7955,1060.3,1066.3
7956,1060.3,1064.3
7957,1060.9,1064.9
7958,1061.2,1065.2
7959,1061.2,1065.2
7960,1061.5,1065.5
7961,1061.7,1065.7
7962,1061.6,1065.6
7963,1062.3,1067.3
7964,1063.1,1069.1
7965,1064.8,1069.8
7966,1064.5,1068.5
7967,1065.0,1069.0
7968,1065.7,1069.7
7969,1065.1,1069.1
7970,1064.4,1068.4
7971,1063.5,1068.5
7972,1063.4,1068.4
7973,1063.3,1067.3
7974,1063.4,1067.4
7975,1062.6,1066.6
7976,1063.0,1067.0
7977,1062.3,1066.3
7978,1061.8,1066.8
7979,1062.8,1066.8
7980,1062.3,1066.3
7981,1062.3,1066.3
7982,1062.2,1067.2
7983,1062.8,1067.8
7984,1062.4,1066.4
7985,1061.9,1066.9
7986,1063.7,1067.7
7987,1063.6,1067.6
7988,1063.6,1070.6
7989,1067.0,1071.0
7990,1066.2,1070.2
7991,1065.3,1070.3
7992,1065.1,1069.1
7993,1063.9,1069.9
7994,1063.5,1067.5
7995,1062.7,1067.7
7996,1061.6,1067.6
7997,1061.5,1065.5
7998,1061.5,1065.5
7999,1061.5,1065.5
8000,1060.8,1065.8
8001,1062.4,1067.4
8002,1064.0,1068.0
8003,1061.8,1067.8
8004,1061.5,1065.5
8005,1062.4,1066.4
8006,1061.6,1065.6
8007,1061.6,1065.6
8008,1060.8,1064.8
8009,1060.0,1064.0
8010,1059.6,1063.6
8011,1059.2,1063.2
8012,1059.7,1063.7
8013,1057.7,1063.7
8014,1057.6,1061.6
8015,1057.3,1061.3
8016,1057.0,1062.0
8017,1057.6,1061.6
8018,1057.3,1064.3
8019,1059.4,1064.4
8020,1059.6,1064.6
8021,1061.2,1065.2
8022,1061.2,1065.2
8023,1060.2,1066.2
8024,1061.4,1065.4
8025,1061.5,1067.5
8026,1063.2,1067.2
8027,1063.2,1067.2
8028,1063.8,1067.8
8029,1063.8,1067.8
8030,1064.2,1069.2
8031,1065.8,1070.8
8032,1066.2,1070.2
8033,1066.2,1070.2
8034,1066.3,1070.3
8035,1065.7,1069.7
8036,1066.0,1070.0
8037,1066.0,1071.0
8038,1067.1,1071.1
8039,1066.8,1070.8
8040,1066.0,1071.0
8041,1065.0,1072.0
8042,1067.0,1071.0
8043,1067.0,1071.0
8044,1067.0,1071.0
8045,1067.0,1071.0
8046,1067.0,1074.0
8047,1070.4,1074.4
8048,1070.5,1074.5
8049,1070.6,1074.6
8050,1070.5,1079.5
8051,1074.8,1079.8
8052,1073.7,1078.7
8053,1071.6,1077.6
8054,1071.5,1075.5
8055,1071.8,1075.8
8056,1071.7,1078.7
8057,1074.7,1078.7
8058,1074.2,1078.2
8059,1074.2,1078.2
8060,1073.2,1079.2
8061,1074.3,1083.3
8062,1077.7,1083.7
8063,1076.5,1081.5
8064,1076.5,1080.5
8065,1075.6,1080.6
8066,1075.6,1079.6
8067,1075.2,1079.2
8068,1075.2,1079.2
8069,1073.6,1078.6
8070,1073.1,1077.1
8071,1073.0,1077.0
8072,1071.8,1076.8
8073,1071.8,1077.8
8074,1073.0,1078.0
8075,1072.6,1076.6
8076,1072.0,1076.0
8077,1071.9,1075.9
8078,1071.5,1075.5
8079,1070.0,1075.0
8080,1069.5,1073.5
8081,1068.6,1072.6
8082,1069.2,1073.2
8083,1069.6,1073.6
8084,1068.1,1074.1
8085,1067.8,1071.8
8086,1068.2,1072.2
8087,1067.6,1071.6
8088,1067.7,1073.7
8089,1070.4,1075.4
8090,1071.6,1075.6
8091,1071.4,1075.4
8092,1071.5,1075.5
8093,1071.9,1078.9
8094,1075.5,1079.5
8095,1074.7,1078.7
8096,1074.5,1078.5
8097,1073.2,1078.2
8098,1069.5,1076.5
8099,1069.4,1073.4
8100,1069.4,1073.4
8101,1069.3,1073.3
8102,1068.0,1074.0
8103,1068.4,1072.4
8104,1067.5,1071.5
8105,1067.3,1071.3
8106,1067.8,1072.8
8107,1069.6,1073.6
8108,1070.2,1074.2
8109,1069.2,1075.2
8110,1070.3,1074.3
8111,1070.3,1074.3
8112,1070.0,1074.0
8113,1070.1,1074.1
8114,1070.1,1074.1
8115,1070.2,1074.2
8116,1070.2,1075.2
8117,1071.8,1075.8
8118,1071.4,1075.4
8119,1071.4,1077.4
8120,1071.8,1076.8
8121,1071.1,1075.1
8122,1071.0,1075.0
8123,1071.0,1076.0
8124,1072.3,1079.3
8125,1075.0,1083.0
8126,1079.9,1083.9
8127,1078.0,1083.0
8128,1078.9,1082.9
8129,1078.8,1082.8
8130,1078.2,1082.2
8131,1078.8,1082.8
8132,1079.2,1083.2
8133,1078.7,1082.7
8134,1078.4,1082.4
8135,1078.8,1082.8
8136,1078.8,1082.8
8137,1078.2,1082.2
8138,1078.3,1082.3
8139,1075.7,1082.7
8140,1076.4,1080.4
8141,1074.2,1080.2
8142,1072.3,1078.3
8143,1071.8,1075.8
8144,1069.9,1074.9
8145,1069.1,1073.1
8146,1070.0,1074.0
8147,1070.0,1074.0
8148,1070.0,1074.0
8149,1069.5,1073.5
8150,1069.8,1073.8
8151,1069.8,1076.8
8152,1073.2,1077.2
8153,1073.2,1077.2
8154,1072.4,1076.4
8155,1071.9,1078.9
8156,1075.4,1079.4
8157,1075.4,1079.4
8158,1075.4,1079.4
8159,1076.2,1081.2
8160,1077.8,1085.8
8161,1082.4,1086.4
8162,1082.3,1087.3
8163,1083.5,1087.5
8164,1083.0,1087.0
8165,1082.7,1086.7
8166,1082.0,1086.0
8167,1081.8,1085.8
8168,1081.8,1085.8
8169,1082.8,1086.8
8170,1082.8,1086.8
8171,1082.2,1086.2
8172,1082.2,1086.2
8173,1081.8,1085.8
8174,1081.6,1087.6
8175,1081.8,1087.8
8176,1081.3,1085.3
8177,1079.8,1085.8
8178,1079.6,1083.6
8179,1079.8,1083.8
8180,1080.2,1084.2
8181,1080.2,1084.2
8182,1080.4,1084.4
8183,1079.4,1084.4
8184,1078.6,1082.6
8185,1078.4,1084.4
8186,1079.9,1084.9
8187,1078.7,1084.7
8188,1077.5,1082.5
8189,1077.3,1082.3
8190,1078.3,1083.3
8191,1079.3,1083.3
8192,1079.8,1083.8
8193,1079.5,1083.5
8194,1079.8,1083.8
8195,1079.7,1083.7
8196,1079.7,1084.7
8197,1081.2,1085.2
8198,1081.3,1085.3
8199,1081.9,1085.9
8200,1077.8,1085.8
8201,1077.4,1081.4
8202,1076.6,1080.6
8203,1076.9,1081.9
8204,1078.0,1084.0
8205,1080.2,1084.2
8206,1079.5,1084.5
8207,1078.8,1083.8
8208,1073.8,1083.8
8209,1073.4,1080.4
8210,1077.0,1082.0
8211,1078.4,1082.4
8212,1077.4,1083.4
8213,1076.7,1080.7
8214,1077.6,1082.6
8215,1079.1,1083.1
8216,1079.5,1083.5
8217,1079.8,1083.8
8218,1078.4,1083.4
8219,1078.2,1082.2
8220,1078.2,1082.2
8221,1078.2,1082.2
8222,1079.0,1083.0
8223,1077.0,1083.0
8224,1076.8,1081.8
8225,1078.4,1083.4
8226,1080.2,1084.2
8227,1080.9,1084.9
8228,1080.6,1084.6
8229,1080.5,1084.5
8230,1078.8,1083.8
8231,1077.8,1081.8
8232,1075.4,1081.4
8233,1074.5,1078.5
8234,1074.5,1078.5
8235,1074.8,1078.8
8236,1074.8,1079.8
8237,1076.5,1080.5
8238,1075.5,1080.5
8239,1074.2,1079.2
8240,1073.9,1079.9
8241,1075.8,1079.8
8242,1076.0,1080.0
8243,1076.0,1080.0
8244,1075.4,1079.4
8245,1074.8,1078.8
8246,1072.8,1078.8
8247,1072.8,1076.8
8248,1072.8,1076.8
8249,1073.2,1077.2
8250,1074.1,1078.1
8251,1073.8,1077.8
8252,1074.0,1079.0
8253,1075.8,1079.8
8254,1075.4,1081.4
8255,1076.0,1082.0
8256,1075.1,1079.1
8257,1074.6,1081.6
8258,1077.0,1081.0
8259,1077.0,1084.0
8260,1080.8,1084.8
8261,1080.8,1086.8
8262,1083.3,1087.3
8263,1083.3,1087.3
8264,1084.0,1088.0
8265,1083.9,1087.9
8266,1084.2,1088.2
8267,1084.2,1088.2
8268,1084.2,1088.2
8269,1084.0,1088.0
8270,1083.2,1087.2
8271,1083.3,1087.3
8272,1083.5,1087.5
8273,1083.2,1087.2
8274,1082.1,1087.1
8275,1082.0,1086.0
8276,1082.7,1086.7
8277,1082.7,1086.7
8278,1082.9,1086.9
8279,1082.4,1086.4
8280,1081.4,1086.4
8281,1081.4,1085.4
8282,1081.4,1085.4
8283,1080.0,1085.0
8284,1079.4,1085.4
8285,1082.0,1086.0
8286,1082.4,1087.4
8287,1083.7,1087.7
8288,1082.5,1087.5
8289,1082.2,1086.2
8290,1080.6,1086.6
8291,1080.3,1084.3
8292,1080.3,1084.3
8293,1079.9,1083.9
8294,1080.0,1084.0
8295,1080.3,1084.3
8296,1080.1,1085.1
8297,1078.4,1085.4
8298,1077.8,1085.8
8299,1078.5,1085.5
8300,1077.5,1081.5
8301,1077.5,1083.5
8302,1078.8,1083.8
8303,1078.8,1082.8
8304,1078.8,1082.8
8305,1078.8,1082.8
8306,1079.0,1083.0
8307,1079.2,1083.2
8308,1078.6,1082.6
8309,1078.9,1082.9
8310,1074.2,1082.2
8311,1073.3,1077.3
8312,1073.0,1078.0
8313,1071.2,1078.2
8314,1071.2,1075.2
8315,1071.3,1076.3
8316,1072.3,1076.3
8317,1072.5,1076.5
8318,1072.8,1076.8
8319,1073.5,1077.5
8320,1072.8,1077.8
8321,1073.8,1077.8
8322,1073.2,1077.2
8323,1073.0,1078.0
8324,1074.5,1078.5
8325,1075.2,1079.2
8326,1075.2,1079.2
8327,1074.8,1078.8
8328,1074.2,1079.2
8329,1073.3,1079.3
8330,1073.0,1077.0
8331,1073.0,1079.0
8332,1075.5,1083.5
8333,1079.8,1083.8
8334,1079.7,1083.7
8335,1079.7,1083.7
8336,1078.8,1082.8
8337,1078.0,1082.0
8338,1078.0,1083.0
8339,1077.8,1081.8
8340,1078.4,1082.4
8341,1078.6,1083.6
8342,1080.2,1084.2
8343,1080.0,1084.0
8344,1079.9,1083.9
8345,1080.0,1084.0
8346,1080.0,1087.0
8347,1082.8,1087.8
8348,1082.5,1086.5
8349,1082.7,1086.7
8350,1082.2,1086.2
8351,1083.0,1088.0
8352,1081.6,1087.6
8353,1080.7,1084.7
8354,1081.0,1085.0
8355,1081.0,1089.0
8356,1084.5,1088.5
8357,1084.5,1088.5
8358,1083.6,1087.6
8359,1083.6,1087.6
8360,1083.8,1087.8
8361,1084.6,1088.6
8362,1083.0,1089.0
8363,1082.5,1086.5
8364,1081.9,1088.9
8365,1083.0,1089.0
8366,1082.0,1086.0
8367,1081.6,1085.6
8368,1080.5,1085.5
8369,1080.5,1084.5
8370,1080.1,1084.1
8371,1080.5,1084.5
8372,1080.6,1084.6
8373,1078.2,1084.2
8374,1078.2,1082.2
8375,1077.5,1082.5
8376,1072.8,1081.8
8377,1072.5,1076.5
8378,1072.8,1076.8
8379,1072.4,1076.4
8380,1071.8,1076.8
8381,1071.2,1077.2
8382,1070.5,1074.5
8383,1068.3,1075.3
8384,1065.8,1071.8
8385,1066.3,1070.3
8386,1066.3,1071.3
8387,1068.3,1072.3
8388,1067.3,1072.3
8389,1066.4,1072.4
8390,1066.2,1070.2
8391,1066.9,1070.9
8392,1067.2,1072.2
8393,1068.9,1072.9
8394,1069.0,1074.0
8395,1070.3,1074.3
8396,1069.5,1076.5
8397,1072.4,1076.4
8398,1072.7,1076.7
8399,1071.1,1076.1
8400,1070.4,1075.4
8401,1070.5,1075.5
8402,1070.2,1074.2
8403,1069.6,1074.6
8404,1069.6,1073.6
8405,1069.8,1073.8
8406,1069.4,1073.4
8407,1069.4,1073.4
8408,1070.0,1074.0
8409,1070.4,1076.4
8410,1072.5,1076.5
8411,1072.3,1076.3
8412,1071.5,1075.5
8413,1071.8,1078.8
8414,1075.3,1079.3
8415,1075.0,1079.0
8416,1074.8,1079.8
8417,1076.4,1080.4
8418,1076.8,1081.8
8419,1078.3,1086.3
8420,1082.4,1087.4
8421,1084.3,1088.3
8422,1084.3,1088.3
8423,1085.3,1089.3
8424,1085.2,1089.2
8425,1085.2,1089.2
8426,1084.8,1088.8
8427,1082.5,1088.5
8428,1082.5,1086.5
8429,1082.9,1087.9
8430,1084.0,1088.0
8431,1084.9,1088.9
8432,1084.9,1091.9
8433,1088.7,1093.7
8434,1090.5,1094.5
8435,1090.9,1094.9
8436,1090.0,1094.0
8437,1089.2,1094.2
8438,1090.1,1094.1
8439,1090.0,1094.0
8440,1089.0,1094.0
8441,1088.8,1093.8
8442,1090.1,1095.1
8443,1091.1,1096.1
8444,1092.1,1096.1
8445,1091.0,1096.0
8446,1090.3,1094.3
8447,1090.3,1094.3
8448,1090.7,1094.7
8449,1088.4,1094.4
8450,1088.3,1092.3
8451,1088.6,1092.6
8452,1086.8,1091.8
8453,1086.4,1090.4
8454,1085.8,1089.8
8455,1086.1,1090.1
8456,1085.6,1089.6
8457,1085.6,1089.6
8458,1084.6,1089.6
8459,1084.2,1088.2
8460,1084.3,1088.3
8461,1082.0,1088.0
8462,1081.8,1085.8
8463,1080.8,1086.8
8464,1082.4,1086.4
8465,1082.4,1086.4
8466,1082.4,1086.4
8467,1082.4,1086.4
8468,1081.3,1086.3
8469,1081.8,1085.8
8470,1082.5,1087.5
8471,1083.9,1087.9
8472,1083.8,1087.8
8473,1084.0,1088.0
8474,1083.4,1088.4
8475,1084.5,1089.5
8476,1085.8,1089.8
8477,1085.5,1089.5
8478,1084.5,1089.5
8479,1083.8,1087.8
8480,1083.9,1087.9
8481,1083.3,1088.3
8482,1084.4,1088.4
8483,1084.9,1088.9
8484,1085.5,1089.5
8485,1084.8,1088.8
8486,1085.0,1089.0
8487,1084.2,1089.2
8488,1085.4,1090.4
8489,1087.2,1091.2
8490,1085.2,1091.2
8491,1084.0,1089.0
8492,1083.0,1088.0
8493,1082.2,1086.2
8494,1082.3,1086.3
8495,1082.0,1086.0
8496,1082.6,1087.6
8497,1084.0,1092.0
8498,1088.8,1092.8
8499,1089.1,1093.1
8500,1089.2,1093.2
8501,1089.5,1094.5
8502,1088.6,1094.6
8503,1087.4,1092.4
8504,1087.3,1091.3
8505,1087.0,1091.0
8506,1086.0,1091.0
8507,1085.2,1090.2
8508,1086.8,1090.8
8509,1086.2,1093.2
8510,1089.2,1093.2
8511,1089.2,1096.2
8512,1093.2,1097.2
8513,1093.2,1098.2
8514,1095.0,1099.0
8515,1095.0,1100.0
8516,1096.0,1100.0
8517,1095.4,1100.4
8518,1096.5,1100.5
8519,1096.5,1100.5
8520,1094.8,1100.8
8521,1093.3,1098.3
8522,1093.1,1097.1
8523,1091.1,1097.1
8524,1090.8,1094.8
8525,1090.4,1094.4
8526,1090.4,1094.4
8527,1090.4,1094.4
8528,1090.2,1096.2
8529,1092.8,1097.8
8530,1093.4,1098.4
8531,1093.2,1097.2
8532,1093.0,1099.0
8533,1095.6,1099.6
8534,1096.2,1100.2
8535,1095.9,1099.9
8536,1096.2,1103.2
8537,1099.7,1103.7
8538,1099.4,1103.4
8539,1099.2,1104.2
8540,1099.5,1104.5
8541,1098.7,1102.7
8542,1098.6,1102.6
8543,1098.6,1102.6
8544,1097.8,1102.8
8545,1097.8,1106.8
8546,1102.9,1106.9
8547,1102.9,1106.9
8548,1102.8,1106.8
8549,1102.2,1106.2
8550,1102.0,1107.0
8551,1103.3,1107.3
8552,1103.2,1108.2
8553,1103.3,1108.3
8554,1103.1,1108.1
8555,1104.3,1108.3
8556,1104.4,1108.4
8557,1104.4,1108.4
8558,1102.3,1108.3
8559,1102.3,1107.3
8560,1103.7,1107.7
8561,1104.0,1108.0
8562,1104.0,1108.0
8563,1104.0,1111.0
8564,1101.9,1110.9
8565,1100.2,1106.2
8566,1099.8,1103.8
8567,1099.8,1103.8
8568,1099.1,1103.1
8569,1099.0,1103.0
8570,1099.0,1103.0
8571,1098.8,1103.8
8572,1096.8,1102.8
8573,1096.8,1100.8
8574,1096.5,1101.5
8575,1098.0,1102.0
8576,1097.2,1102.2
8577,1096.8,1100.8
8578,1096.6,1100.6
8579,1096.3,1100.3
8580,1095.6,1099.6
8581,1095.6,1099.6
8582,1093.5,1099.5
8583,1093.0,1097.0
8584,1093.0,1097.0
8585,1093.0,1097.0
8586,1093.0,1098.0
8587,1094.0,1101.0
8588,1097.5,1101.5
8589,1096.6,1101.6
8590,1096.5,1103.5
8591,1099.6,1103.6
8592,1098.8,1106.8
8593,1102.3,1106.3
8594,1102.3,1106.3
8595,1102.3,1107.3
8596,1103.4,1107.4
8597,1103.3,1107.3
8598,1103.3,1107.3
8599,1103.4,1107.4
8600,1103.4,1107.4
8601,1103.2,1107.2
8602,1103.2,1107.2
8603,1103.2,1107.2
8604,1103.9,1107.9
8605,1103.7,1107.7
8606,1103.6,1107.6
8607,1103.6,1107.6
8608,1102.6,1108.6
8609,1103.3,1107.3
8610,1103.7,1108.7
8611,1105.0,1109.0
8612,1104.8,1108.8
8613,1102.8,1108.8
8614,1102.7,1106.7
8615,1101.8,1105.8
8616,1101.2,1105.2
8617,1101.5,1105.5
8618,1101.5,1105.5
8619,1101.6,1105.6
8620,1100.5,1105.5
8621,1099.0,1104.0
8622,1098.7,1102.7
8623,1099.0,1103.0
8624,1099.0,1103.0
8625,1099.0,1103.0
8626,1098.2,1102.2
8627,1097.4,1101.4
8628,1094.5,1101.5
8629,1093.5,1098.5
8630,1092.2,1097.2
8631,1092.2,1100.2
8632,1095.5,1100.5
8633,1095.5,1099.5
8634,1095.8,1100.8
8635,1094.6,1100.6
8636,1094.8,1098.8
8637,1094.8,1098.8
8638,1093.2,1098.2
8639,1093.7,1097.7
8640,1092.6,1097.6
8641,1092.3,1096.3
8642,1093.2,1098.2
8643,1095.0,1099.0
8644,1095.1,1099.1
8645,1095.1,1099.1
8646,1094.9,1099.9
8647,1094.8,1098.8
8648,1094.2,1098.2
8649,1094.2,1098.2
8650,1093.9,1097.9
8651,1093.2,1098.2
8652,1092.0,1098.0
8653,1091.3,1095.3
8654,1090.5,1094.5
8655,1087.8,1093.8
8656,1087.2,1091.2
8657,1086.7,1090.7
8658,1086.5,1090.5
8659,1086.8,1091.8
8660,1088.1,1092.1
8661,1088.6,1092.6
8662,1088.5,1092.5
8663,1088.3,1092.3
8664,1087.4,1091.4
8665,1087.2,1092.2
8666,1087.2,1092.2
8667,1085.8,1090.8
8668,1085.6,1089.6
8669,1084.0,1090.0
8670,1084.8,1088.8
8671,1084.0,1088.0
8672,1084.0,1088.0
8673,1084.1,1088.1
8674,1083.4,1088.4
8675,1082.2,1087.2
8676,1081.5,1085.5
8677,1081.0,1085.0
8678,1081.0,1085.0
8679,1081.2,1085.2
8680,1081.2,1085.2
8681,1080.9,1084.9
8682,1080.9,1084.9
8683,1080.8,1084.8
8684,1080.5,1084.5
8685,1080.4,1084.4
8686,1079.6,1084.6
8687,1080.8,1085.8
8688,1082.1,1086.1
8689,1082.2,1086.2
8690,1081.8,1085.8
8691,1081.8,1085.8
8692,1081.8,1085.8
8693,1081.8,1086.8
8694,1083.0,1087.0
8695,1081.6,1086.6
8696,1080.8,1084.8
8697,1080.9,1084.9
8698,1079.3,1085.3
8699,1078.6,1082.6
8700,1078.6,1082.6
8701,1078.6,1082.6
8702,1078.1,1083.1
8703,1077.4,1081.4
8704,1077.0,1081.0
8705,1076.6,1081.6
8706,1077.8,1082.8
8707,1079.3,1083.3
8708,1075.3,1083.3
8709,1075.3,1080.3
8710,1076.5,1080.5
8711,1077.2,1081.2
8712,1077.7,1081.7
8713,1077.8,1083.8
8714,1079.8,1083.8
8715,1080.5,1085.5
8716,1082.3,1087.3
8717,1081.3,1088.3
8718,1079.5,1085.5
8719,1079.0,1083.0
8720,1078.2,1082.2
8721,1078.6,1085.6
8722,1081.8,1085.8
8723,1081.6,1086.6
8724,1081.6,1085.6
8725,1080.4,1085.4
8726,1079.5,1083.5
8727,1078.6,1082.6
8728,1078.6,1082.6
8729,1078.9,1082.9
8730,1078.2,1083.2
8731,1077.5,1081.5
8732,1076.6,1080.6
8733,1075.6,1080.6
8734,1075.4,1079.4
8735,1076.0,1080.0
8736,1075.9,1084.9
8737,1079.6,1084.6
8738,1078.8,1083.8
8739,1080.5,1084.5
8740,1079.8,1084.8
8741,1079.5,1083.5
8742,1079.7,1083.7
8743,1079.3,1083.3
8744,1079.1,1083.1
8745,1079.2,1086.2
8746,1082.7,1086.7
8747,1082.4,1087.4
8748,1083.7,1087.7
8749,1083.7,1088.7
8750,1083.2,1089.2
8751,1083.0,1089.0
8752,1085.0,1089.0
8753,1085.2,1089.2
8754,1085.3,1089.3
8755,1084.8,1088.8
8756,1084.8,1088.8
8757,1084.2,1088.2
8758,1084.8,1090.8
8759,1086.8,1090.8
8760,1086.5,1090.5
8761,1087.0,1091.0
8762,1087.0,1091.0
8763,1087.3,1091.3
8764,1086.5,1090.5
8765,1086.8,1090.8
8766,1086.2,1090.2
8767,1086.4,1090.4
8768,1086.4,1090.4
8769,1086.6,1090.6
8770,1086.6,1094.6
8771,1091.6,1099.6
8772,1096.4,1100.4
8773,1095.6,1100.6
8774,1095.4,1099.4
8775,1095.2,1103.2
8776,1099.2,1104.2
8777,1096.4,1104.4
8778,1091.0,1100.0
8779,1089.4,1094.4
8780,1089.2,1093.2
8781,1088.2,1095.2
8782,1090.8,1094.8
8783,1091.6,1095.6
8784,1092.4,1098.4
8785,1094.8,1098.8
8786,1094.3,1099.3
8787,1093.8,1097.8
8788,1090.5,1097.5
8789,1089.6,1093.6
8790,1089.8,1094.8
8791,1091.5,1095.5
8792,1092.1,1096.1
8793,1091.8,1095.8
8794,1092.5,1096.5
8795,1091.5,1096.5
8796,1091.3,1095.3
8797,1091.2,1095.2
8798,1089.3,1095.3
8799,1089.2,1093.2
8800,1089.5,1093.5
8801,1089.5,1094.5
8802,1091.0,1095.0
8803,1090.5,1094.5
8804,1090.2,1094.2
8805,1087.1,1094.1
8806,1086.9,1092.9
8807,1089.5,1093.5
8808,1089.5,1093.5
8809,1089.0,1093.0
8810,1089.0,1095.0
8811,1091.8,1095.8
8812,1091.8,1097.8
8813,1094.2,1098.2
8814,1094.5,1098.5
8815,1094.0,1098.0
8816,1094.4,1098.4
8817,1094.9,1098.9
8818,1094.2,1098.2
8819,1094.0,1098.0
8820,1093.0,1098.0
8821,1092.7,1098.7
8822,1095.4,1099.4
8823,1095.7,1100.7
8824,1097.3,1101.3
8825,1097.3,1106.3
8826,1101.3,1106.3
8827,1102.0,1106.0
8828,1102.1,1106.1
8829,1101.8,1105.8
8830,1101.8,1105.8
8831,1102.4,1106.4
8832,1102.4,1106.4
8833,1102.2,1106.2
8834,1102.2,1108.2
8835,1105.0,1109.0
8836,1103.5,1108.5
8837,1103.4,1107.4
8838,1102.5,1106.5
8839,1102.8,1106.8
8840,1102.5,1106.5
8841,1102.5,1106.5
8842,1100.5,1106.5
8843,1099.7,1103.7
8844,1099.7,1103.7
8845,1099.5,1103.5
8846,1094.8,1103.8
8847,1092.5,1098.5
8848,1092.5,1096.5
8849,1093.1,1098.1
8850,1095.0,1099.0
8851,1095.2,1099.2
8852,1095.6,1099.6
8853,1095.7,1100.7
8854,1096.8,1100.8
8855,1097.0,1101.0
8856,1096.2,1100.2
8857,1096.8,1100.8
8858,1096.6,1100.6
8859,1095.6,1100.6
8860,1093.2,1099.2
8861,1092.3,1096.3
8862,1092.5,1096.5
8863,1092.7,1096.7
8864,1092.5,1098.5
8865,1095.1,1099.1
8866,1094.6,1098.6
8867,1094.3,1098.3
8868,1094.0,1101.0
8869,1097.3,1101.3
8870,1098.3,1105.3
8871,1102.2,1106.2
8872,1101.4,1106.4
8873,1100.5,1104.5
8874,1100.8,1104.8
8875,1100.2,1104.2
8876,1099.5,1104.5
8877,1098.2,1104.2
8878,1098.1,1102.1
8879,1099.0,1103.0
8880,1099.3,1104.3
8881,1101.2,1105.2
8882,1101.2,1105.2
8883,1101.3,1106.3
8884,1101.3,1106.3
8885,1100.4,1104.4
8886,1100.0,1104.0
8887,1099.2,1105.2
8888,1100.2,1104.2
8889,1099.4,1103.4
8890,1098.8,1102.8
8891,1098.8,1102.8
8892,1098.6,1102.6
8893,1098.6,1102.6
8894,1098.6,1102.6
8895,1098.3,1105.3
8896,1100.2,1106.2
8897,1100.6,1104.6
8898,1100.6,1104.6
8899,1100.6,1104.6
8900,1101.1,1108.1
8901,1104.2,1108.2
8902,1105.0,1109.0
8903,1105.0,1109.0
8904,1105.0,1109.0
8905,1105.2,1109.2
8906,1105.2,1109.2
8907,1105.6,1109.6
8908,1106.0,1110.0
8909,1105.3,1112.3
8910,1108.3,1112.3
8911,1105.4,1112.4
8912,1105.3,1109.3
8913,1105.3,1109.3
8914,1105.5,1109.5
8915,1105.1,1110.1
8916,1103.4,1111.4
8917,1104.3,1108.3
8918,1103.3,1108.3
8919,1103.1,1107.1
8920,1103.1,1109.1
8921,1105.0,1109.0
8922,1104.3,1108.3
8923,1104.2,1108.2
8924,1104.2,1108.2
8925,1103.3,1107.3
8926,1104.0,1108.0
8927,1103.2,1108.2
8928,1102.8,1106.8
8929,1103.1,1107.1
8930,1103.4,1107.4
8931,1103.3,1108.3
8932,1103.5,1107.5
8933,1103.5,1108.5
8934,1104.6,1109.6
8935,1106.0,1111.0
8936,1107.2,1111.2
8937,1106.8,1110.8
8938,1105.5,1110.5
8939,1105.2,1109.2
8940,1105.9,1109.9
8941,1105.9,1111.9
8942,1107.5,1112.5
8943,1107.4,1111.4
8944,1106.4,1111.4
8945,1102.4,1110.4
8946,1102.0,1106.0
8947,1102.0,1109.0
8948,1104.4,1108.4
8949,1104.5,1108.5
8950,1103.8,1107.8
8951,1103.9,1107.9
8952,1104.8,1108.8
8953,1104.7,1109.7
8954,1105.2,1109.2
8955,1104.2,1108.2
8956,1104.6,1108.6
8957,1104.6,1108.6
8958,1104.6,1108.6
8959,1101.2,1108.2
8960,1100.2,1109.2
8961,1105.5,1110.5
8962,1106.5,1110.5
8963,1106.2,1110.2
8964,1106.6,1112.6
8965,1109.0,1114.0
8966,1109.8,1114.8
8967,1109.4,1113.4
8968,1109.3,1113.3
8969,1109.2,1116.2
8970,1112.2,1117.2
8971,1113.7,1117.7
8972,1114.4,1119.4
8973,1114.8,1119.8
8974,1114.8,1118.8
8975,1114.8,1118.8
8976,1113.1,1120.1
8977,1114.3,1118.3
8978,1113.8,1117.8
8979,1114.0,1118.0
8980,1114.3,1119.3
8981,1115.4,1119.4
8982,1116.0,1120.0
8983,1116.0,1120.0
8984,1115.8,1119.8
8985,1115.0,1119.0
8986,1114.8,1118.8
8987,1114.8,1119.8
8988,1114.0,1120.0
8989,1113.5,1118.5
8990,1114.2,1119.2
8991,1113.6,1117.6
8992,1113.7,1117.7
8993,1112.7,1117.7
8994,1112.6,1116.6
8995,1112.6,1116.6
8996,1112.2,1116.2
8997,1110.4,1116.4
8998,1109.3,1114.3
8999,1108.0,1113.0
9000,1106.1,1111.1
9001,1105.8,1109.8
9002,1106.3,1110.3
9003,1102.5,1110.5
9004,1102.0,1107.0
9005,1103.4,1108.4
9006,1104.5,1108.5
9007,1104.8,1108.8
9008,1104.8,1108.8
9009,1104.8,1108.8
9010,1104.9,1110.9
9011,1107.1,1111.1
9012,1107.2,1111.2
9013,1107.2,1111.2
9014,1107.5,1115.5
9015,1112.4,1116.4
9016,1112.3,1116.3
9017,1112.3,1122.3
9018,1118.2,1122.2
9019,1115.8,1121.8
9020,1115.8,1119.8
9021,1115.8,1119.8
9022,1116.0,1120.0
9023,1116.0,1122.0
9024,1116.7,1121.7
9025,1116.7,1120.7
9026,1113.7,1120.7
9027,1112.9,1116.9
9028,1112.9,1116.9
9029,1113.0,1117.0
9030,1109.6,1116.6
9031,1109.8,1113.8
9032,1109.3,1113.3
9033,1106.0,1113.0
9034,1105.2,1109.2
9035,1102.4,1109.4
9036,1100.0,1106.0
9037,1100.0,1104.0
9038,1098.0,1104.0
9039,1097.9,1101.9
9040,1097.9,1101.9
9041,1097.6,1101.6
9042,1097.6,1102.6
9043,1098.2,1102.2
9044,1097.8,1101.8
9045,1097.7,1106.7
9046,1103.0,1107.0
9047,1102.8,1106.8
9048,1103.2,1108.2
9049,1104.2,1109.2
9050,1106.0,1112.0
9051,1107.6,1112.6
9052,1107.2,1111.2
9053,1105.5,1111.5
9054,1104.9,1108.9
9055,1105.2,1109.2
9056,1105.5,1109.5
9057,1104.1,1109.1
9058,1104.1,1112.1
9059,1107.2,1112.2
9060,1106.7,1110.7
9061,1107.0,1113.0
9062,1109.3,1113.3
9063,1108.0,1114.0
9064,1107.9,1111.9
9065,1107.5,1111.5
9066,1107.8,1112.8
9067,1108.8,1113.8
9068,1110.2,1116.2
9069,1112.2,1116.2
9070,1112.5,1117.5
9071,1114.2,1118.2
9072,1114.4,1120.4
9073,1116.4,1120.4
9074,1116.3,1120.3
9075,1115.5,1121.5
9076,1118.2,1122.2
9077,1118.0,1122.0
9078,1118.9,1122.9
9079,1119.2,1123.2
9080,1118.7,1122.7
9081,1119.2,1123.2
9082,1118.8,1122.8
9083,1118.2,1127.2
9084,1124.2,1128.2
9085,1123.6,1128.6
9086,1123.3,1127.3
9087,1123.3,1127.3
9088,1123.4,1127.4
9089,1123.4,1127.4
9090,1122.8,1126.8
9091,1123.2,1127.2
9092,1123.5,1128.5
9093,1124.8,1128.8
9094,1125.5,1129.5
9095,1125.5,1129.5
9096,1125.6,1129.6
9097,1125.7,1129.7
9098,1125.7,1129.7
9099,1123.8,1128.8
9100,1124.2,1128.2
9101,1124.0,1129.0
9102,1124.8,1129.8
9103,1126.2,1130.2
9104,1126.0,1130.0
9105,1125.0,1130.0
9106,1124.0,1129.0
9107,1124.4,1129.4
9108,1125.7,1129.7
9109,1125.5,1129.5
9110,1124.4,1129.4
9111,1124.0,1128.0
9112,1124.4,1128.4
9113,1123.4,1129.4
9114,1124.3,1128.3
9115,1124.9,1128.9
9116,1122.8,1129.8
9117,1123.2,1127.2
9118,1123.3,1127.3
9119,1122.5,1126.5
9120,1120.3,1126.3
9121,1120.1,1124.1
9122,1120.1,1125.1
9123,1119.7,1125.7
9124,1119.4,1123.4
9125,1119.3,1126.3
9126,1122.9,1128.9
9127,1125.8,1131.8
9128,1127.6,1131.6
9129,1127.5,1132.5
9130,1128.8,1132.8
9131,1128.8,1132.8
9132,1128.4,1132.4
9133,1128.9,1132.9
9134,1127.8,1133.8
9135,1127.1,1136.1
9136,1132.7,1136.7
9137,1133.0,1137.0
9138,1132.8,1136.8
9139,1132.2,1136.2
9140,1132.0,1136.0
9141,1131.5,1135.5
9142,1131.5,1138.5
9143,1134.5,1140.5
9144,1136.0,1140.0
9145,1135.6,1139.6
9146,1134.6,1139.6
9147,1134.1,1138.1
9148,1133.8,1139.8
9149,1136.3,1140.3
9150,1136.3,1141.3
9151,1138.0,1142.0
9152,1138.6,1142.6
9153,1138.5,1142.5
9154,1138.6,1142.6
9155,1138.2,1143.2
9156,1139.5,1147.5
9157,1143.8,1148.8
9158,1145.1,1152.1
9159,1148.2,1155.2
9160,1151.5,1155.5
9161,1151.2,1155.2
9162,1151.1,1155.1
9163,1151.4,1155.4
9164,1149.0,1156.0
9165,1149.0,1153.0
9166,1147.9,1153.9
9167,1148.7,1152.7
9168,1148.5,1156.5
9169,1152.8,1156.8
9170,1151.8,1155.8
9171,1151.5,1155.5
9172,1152.2,1156.2
9173,1152.4,1156.4
9174,1152.3,1156.3
9175,1151.8,1156.8
9176,1151.7,1155.7
9177,1150.8,1155.8
9178,1150.0,1157.0
9179,1153.0,1161.0
9180,1157.2,1161.2
9181,1156.9,1164.9
9182,1160.8,1165.8
9183,1160.5,1164.5
9184,1161.3,1165.3
9185,1161.5,1165.5
9186,1161.4,1166.4
9187,1162.5,1167.5
9188,1164.1,1168.1
9189,1164.2,1168.2
9190,1163.4,1167.4
9191,1163.4,1167.4
9192,1164.3,1168.3
9193,1160.3,1168.3
9194,1160.0,1165.0
9195,1159.3,1165.3
9196,1159.0,1165.0
9197,1161.3,1167.3
9198,1163.0,1168.0
9199,1163.0,1167.0
9200,1162.6,1166.6
9201,1162.2,1166.2
9202,1161.4,1165.4
9203,1160.8,1166.8
9204,1163.8,1167.8
9205,1163.8,1168.8
9206,1165.2,1169.2
9207,1164.5,1168.5
9208,1164.8,1168.8
9209,1164.7,1168.7
9210,1165.2,1169.2
9211,1165.3,1169.3
9212,1165.0,1169.0
9213,1162.0,1169.0
9214,1161.8,1165.8
9215,1161.2,1166.2
9216,1160.8,1164.8
9217,1160.8,1164.8
9218,1159.3,1164.3
9219,1159.2,1163.2
9220,1158.5,1162.5
9221,1157.7,1162.7
9222,1157.4,1162.4
9223,1158.6,1162.6
9224,1156.2,1162.2
9225,1156.1,1160.1
9226,1156.3,1163.3
9227,1156.4,1163.4
9228,1155.3,1160.3
9229,1154.5,1163.5
9230,1159.8,1165.8
9231,1161.3,1166.3
9232,1161.3,1165.3
9233,1161.6,1169.6
9234,1166.4,1170.4
9235,1166.2,1170.2
9236,1166.2,1170.2
9237,1166.0,1170.0
9238,1166.5,1172.5
9239,1169.0,1173.0
9240,1167.8,1172.8
9241,1168.4,1172.4
9242,1168.0,1173.0
9243,1167.6,1171.6
9244,1168.2,1172.2
9245,1168.1,1172.1
9246,1167.9,1172.9
9247,1167.5,1171.5
9248,1167.2,1171.2
9249,1167.0,1171.0
9250,1167.5,1171.5
9251,1167.5,1171.5
9252,1167.9,1171.9
9253,1167.2,1171.2
9254,1167.8,1172.8
9255,1169.0,1173.0
9256,1168.9,1173.9
9257,1170.2,1176.2
9258,1172.0,1176.0
9259,1171.6,1175.6
9260,1171.1,1175.1
9261,1171.0,1177.0
9262,1168.6,1177.6
9263,1168.0,1172.0
9264,1166.2,1171.2
9265,1166.1,1170.1
9266,1166.3,1171.3
9267,1167.3,1174.3
9268,1169.8,1175.8
9269,1170.0,1175.0
9270,1169.9,1173.9
9271,1168.9,1173.9
9272,1168.8,1172.8
9273,1168.8,1172.8
9274,1168.8,1173.8
9275,1170.5,1176.5
9276,1171.8,1176.8
9277,1171.5,1175.5
9278,1171.8,1175.8
9279,1171.8,1175.8
9280,1170.8,1175.8
9281,1170.2,1175.2
9282,1171.6,1175.6
9283,1169.9,1175.9
9284,1169.3,1175.3
9285,1171.3,1175.3
9286,1171.7,1175.7
9287,1169.7,1175.7
9288,1169.3,1173.3
9289,1168.6,1172.6
9290,1168.5,1172.5
9291,1167.2,1172.2
9292,1166.6,1170.6
9293,1165.8,1172.8
9294,1167.4,1173.4
9295,1167.6,1171.6
9296,1167.7,1171.7
9297,1167.0,1171.0
9298,1166.0,1171.0
9299,1165.3,1169.3
9300,1166.2,1170.2
9301,1165.8,1169.8
9302,1164.4,1169.4
9303,1163.7,1167.7
9304,1163.0,1169.0
9305,1165.3,1169.3
9306,1161.1,1170.1
9307,1160.7,1166.7
9308,1163.4,1167.4
9309,1163.4,1169.4
9310,1165.7,1169.7
9311,1165.7,1169.7
9312,1164.8,1169.8
9313,1162.1,1168.1
9314,1162.1,1167.1
9315,1163.2,1168.2
9316,1164.2,1169.2
9317,1165.2,1169.2
9318,1163.5,1169.5
9319,1164.9,1168.9
9320,1164.9,1168.9
9321,1163.9,1168.9
9322,1163.2,1167.2
9323,1163.7,1167.7
9324,1163.7,1167.7
9325,1163.7,1167.7
9326,1163.2,1169.2
9327,1160.7,1169.7
9328,1160.6,1164.6
9329,1160.2,1166.2
9330,1162.6,1167.6
9331,1162.7,1167.7
9332,1160.8,1165.8
9333,1159.8,1164.8
9334,1159.4,1163.4
9335,1158.5,1162.5
9336,1158.5,1163.5
9337,1159.9,1163.9
9338,1160.2,1164.2
9339,1160.8,1164.8
9340,1160.6,1164.6
9341,1160.3,1164.3
9342,1160.3,1164.3
9343,1159.3,1164.3
9344,1158.8,1164.8
9345,1161.0,1165.0
9346,1161.3,1165.3
9347,1161.3,1165.3
9348,1161.3,1165.3
9349,1161.1,1165.1
9350,1161.0,1165.0
9351,1160.6,1164.6
9352,1161.0,1165.0
9353,1161.6,1167.6
9354,1164.5,1173.5
9355,1166.8,1173.8
9356,1166.0,1171.0
9357,1165.5,1172.5
9358,1166.6,1170.6
9359,1166.5,1172.5
9360,1169.0,1175.0
9361,1171.0,1175.0
9362,1170.0,1175.0
9363,1168.2,1173.2
9364,1168.0,1173.0
9365,1169.8,1173.8
9366,1169.9,1173.9
9367,1169.2,1174.2
9368,1169.8,1174.8
9369,1170.7,1174.7
9370,1171.5,1175.5
9371,1168.5,1175.5
9372,1165.4,1172.4
9373,1165.3,1172.3
9374,1166.5,1172.5
9375,1166.0,1172.0
9376,1168.3,1172.3
9377,1168.0,1172.0
9378,1168.4,1172.4
9379,1169.1,1173.1
9380,1169.2,1173.2
9381,1168.2,1173.2
9382,1168.2,1172.2
9383,1168.2,1172.2
9384,1169.0,1173.0
9385,1169.1,1173.1
9386,1167.5,1172.5
9387,1166.8,1170.8
9388,1166.8,1170.8
9389,1165.3,1170.3
9390,1164.8,1168.8
9391,1163.8,1168.8
9392,1162.8,1166.8
9393,1162.8,1167.8
9394,1161.4,1167.4
9395,1160.8,1165.8
9396,1161.3,1165.3
9397,1161.2,1165.2
9398,1161.1,1165.1
9399,1161.5,1165.5
9400,1161.5,1165.5
9401,1159.5,1165.5
9402,1159.5,1163.5
9403,1159.7,1163.7
9404,1159.5,1163.5
9405,1159.5,1164.5
9406,1160.7,1164.7
9407,1160.8,1164.8
9408,1161.1,1165.1
9409,1161.0,1165.0
9410,1160.8,1164.8
9411,1161.0,1166.0
9412,1161.3,1166.3
9413,1160.8,1166.8
9414,1162.2,1167.2
9415,1161.6,1167.6
9416,1163.6,1167.6
9417,1163.8,1167.8
9418,1163.1,1168.1
9419,1162.8,1169.8
9420,1166.3,1170.3
9421,1166.4,1170.4
9422,1166.2,1170.2
9423,1166.0,1170.0
9424,1165.4,1169.4
9425,1164.9,1169.9
9426,1164.2,1169.2
9427,1164.3,1168.3
9428,1163.7,1168.7
9429,1163.7,1167.7
9430,1163.5,1168.5
9431,1164.6,1168.6
9432,1164.8,1168.8
9433,1164.6,1168.6
9434,1163.2,1168.2
9435,1163.3,1168.3
9436,1165.2,1169.2
9437,1165.2,1170.2
9438,1166.0,1170.0
9439,1164.8,1170.8
9440,1163.8,1167.8
9441,1163.4,1167.4
9442,1163.1,1167.1
9443,1163.0,1167.0
9444,1163.3,1167.3
9445,1163.5,1168.5
9446,1165.0,1169.0
9447,1165.0,1169.0
9448,1165.5,1169.5
9449,1165.0,1169.0
9450,1165.0,1169.0
9451,1164.9,1168.9
9452,1165.1,1169.1
9453,1160.4,1169.4
9454,1159.8,1163.8
9455,1159.1,1163.1
9456,1159.2,1163.2
9457,1158.8,1162.8
9458,1158.8,1162.8
9459,1158.3,1162.3
9460,1158.3,1164.3
9461,1160.6,1164.6
9462,1158.1,1165.1
9463,1158.1,1162.1
9464,1157.8,1161.8
9465,1157.5,1161.5
9466,1157.7,1161.7
9467,1157.8,1161.8
9468,1157.4,1161.4
9469,1157.4,1161.4
9470,1157.5,1161.5
9471,1155.9,1161.9
9472,1155.3,1162.3
9473,1157.7,1170.7
9474,1167.6,1171.6
9475,1165.0,1172.0
9476,1164.8,1168.8
9477,1164.4,1169.4
9478,1165.8,1169.8
9479,1165.8,1169.8
9480,1165.5,1169.5
9481,1165.0,1169.0
9482,1165.0,1169.0
9483,1165.5,1170.5
9484,1166.0,1170.0
9485,1166.0,1170.0
9486,1166.2,1170.2
9487,1166.7,1172.7
9488,1168.6,1173.6
9489,1169.1,1174.1
9490,1168.2,1174.2
9491,1168.0,1173.0
9492,1169.7,1173.7
9493,1169.0,1174.0
9494,1169.3,1174.3
9495,1170.3,1174.3
9496,1170.3,1174.3
9497,1167.4,1174.4
9498,1167.2,1171.2
9499,1167.6,1171.6
9500,1166.6,1171.6
9501,1166.0,1172.0
9502,1168.2,1173.2
9503,1169.4,1173.4
9504,1168.0,1173.0
9505,1168.0,1173.0
9506,1169.5,1173.5
9507,1169.5,1173.5
9508,1168.5,1173.5
9509,1168.1,1172.1
9510,1163.5,1172.5
9511,1162.6,1166.6
9512,1162.5,1166.5
9513,1162.4,1166.4
9514,1163.2,1169.2
9515,1165.9,1169.9
9516,1165.6,1169.6
9517,1162.8,1169.8
9518,1163.7,1168.7
9519,1164.8,1168.8
9520,1164.8,1168.8
9521,1164.8,1168.8
9522,1164.8,1169.8
9523,1165.7,1170.7
9524,1165.1,1169.1
9525,1165.0,1170.0
9526,1165.6,1169.6
9527,1165.4,1173.4
9528,1169.0,1174.0
9529,1168.4,1172.4
9530,1168.4,1173.4
9531,1167.4,1173.4
9532,1167.2,1171.2
9533,1167.3,1171.3
9534,1167.4,1171.4
9535,1167.4,1171.4
9536,1167.4,1171.4
9537,1167.5,1171.5
9538,1167.5,1171.5
9539,1168.3,1172.3
9540,1167.8,1171.8
9541,1167.9,1171.9
9542,1168.7,1176.7
9543,1173.6,1177.6
9544,1173.6,1177.6
9545,1173.4,1177.4
9546,1174.0,1178.0
9547,1174.6,1178.6
9548,1174.4,1178.4
9549,1171.5,1177.5
9550,1170.2,1175.2
9551,1169.5,1173.5
9552,1168.7,1172.7
9553,1167.0,1173.0
9554,1166.8,1173.8
9555,1170.3,1174.3
9556,1170.3,1174.3
9557,1171.2,1175.2
9558,1170.9,1174.9
9559,1170.9,1174.9
9560,1170.9,1177.9
9561,1174.6,1178.6
9562,1174.6,1178.6
9563,1174.8,1178.8
9564,1175.2,1179.2
9565,1175.4,1179.4
9566,1173.4,1179.4
9567,1171.8,1176.8
9568,1170.9,1174.9
9569,1170.9,1175.9
9570,1171.2,1175.2
9571,1171.3,1176.3
9572,1173.2,1177.2
9573,1173.6,1177.6
9574,1172.8,1176.8
9575,1172.7,1176.7
9576,1171.8,1175.8
9577,1172.5,1176.5
9578,1173.0,1183.0
9579,1177.4,1183.4
9580,1177.2,1181.2
9581,1175.3,1181.3
9582,1173.3,1179.3
9583,1173.3,1177.3
9584,1172.8,1176.8
9585,1172.8,1178.8
9586,1175.4,1179.4
9587,1170.0,1179.0
9588,1169.6,1173.6
9589,1168.6,1173.6
9590,1168.4,1172.4
9591,1168.0,1172.0
9592,1167.7,1171.7
9593,1168.5,1172.5
9594,1167.9,1172.9
9595,1165.5,1171.5
9596,1165.5,1170.5
9597,1166.8,1170.8
9598,1166.8,1170.8
9599,1166.8,1170.8
9600,1167.0,1172.0
9601,1168.4,1172.4
9602,1169.2,1173.2
9603,1170.2,1174.2
9604,1170.0,1174.0
9605,1170.4,1174.4
9606,1169.4,1174.4
9607,1167.9,1172.9
9608,1164.0,1171.0
9609,1163.2,1168.2
9610,1164.0,1168.0
9611,1164.7,1168.7
9612,1164.7,1168.7
9613,1164.6,1170.6
9614,1166.0,1170.0
9615,1165.5,1169.5
9616,1165.6,1169.6
9617,1165.6,1169.6
9618,1164.9,1168.9
9619,1165.0,1169.0
9620,1165.0,1169.0
9621,1165.0,1169.0
9622,1165.1,1169.1
9623,1165.0,1170.0
9624,1166.9,1170.9
9625,1166.8,1170.8
9626,1166.8,1170.8
9627,1166.8,1170.8
9628,1166.2,1171.2
9629,1166.4,1170.4
9630,1166.4,1170.4
9631,1165.0,1171.0
9632,1164.8,1168.8
9633,1164.8,1168.8
9634,1163.6,1169.6
9635,1163.8,1168.8
9636,1165.2,1169.2
9637,1165.0,1169.0
9638,1164.0,1169.0
9639,1163.6,1170.6
9640,1167.0,1171.0
9641,1165.6,1170.6
9642,1164.9,1168.9
9643,1164.8,1168.8
9644,1163.0,1168.0
9645,1162.2,1167.2
9646,1158.5,1165.5
9647,1158.0,1162.0
9648,1158.1,1162.1
9649,1156.2,1162.2
9650,1155.4,1160.4
9651,1156.5,1160.5
9652,1153.9,1160.9
9653,1153.4,1159.4
9654,1155.8,1160.8
9655,1157.3,1161.3
9656,1157.3,1161.3
9657,1157.4,1161.4
9658,1158.0,1162.0
9659,1158.0,1162.0
9660,1157.4,1161.4
9661,1157.3,1162.3
9662,1158.8,1162.8
9663,1158.6,1162.6
9664,1157.7,1162.7
9665,1159.4,1163.4
9666,1158.5,1163.5
9667,1157.8,1161.8
9668,1157.2,1161.2
9669,1156.1,1161.1
9670,1155.2,1159.2
9671,1155.4,1159.4
9672,1155.3,1159.3
9673,1151.3,1159.3
9674,1151.6,1155.6
9675,1150.8,1154.8
9676,1150.9,1154.9
9677,1150.9,1154.9
9678,1150.8,1154.8
9679,1150.4,1154.4
9680,1149.3,1154.3
9681,1149.1,1153.1
9682,1149.0,1154.0
9683,1148.8,1153.8
9684,1149.2,1153.2
9685,1149.6,1153.6
9686,1150.5,1154.5
9687,1150.5,1154.5
9688,1150.5,1154.5
9689,1149.8,1153.8
9690,1149.3,1153.3
9691,1149.3,1153.3
9692,1148.4,1152.4
9693,1148.6,1154.6
9694,1151.3,1155.3
9695,1150.8,1154.8
9696,1151.1,1155.1
9697,1151.2,1155.2
9698,1150.8,1154.8
9699,1147.8,1154.8
9700,1147.0,1151.0
9701,1147.1,1153.1
9702,1150.0,1154.0
9703,1150.4,1154.4
9704,1150.4,1154.4
9705,1150.4,1154.4
9706,1150.7,1154.7
9707,1150.2,1154.2
9708,1150.6,1154.6
9709,1151.1,1155.1
9710,1151.3,1155.3
9711,1151.3,1155.3
9712,1147.3,1154.3
9713,1147.2,1151.2
9714,1146.2,1150.2
9715,1146.8,1150.8
9716,1146.0,1150.0
9717,1146.0,1150.0
9718,1145.5,1149.5
9719,1145.4,1150.4
9720,1145.1,1150.1
9721,1146.3,1150.3
9722,1146.2,1150.2
9723,1146.2,1150.2
9724,1147.0,1152.0
9725,1147.4,1152.4
9726,1147.2,1151.2
9727,1146.2,1151.2
9728,1146.9,1150.9
9729,1139.5,1151.5
9730,1139.3,1143.3
9731,1139.4,1143.4
9732,1136.4,1143.4
9733,1135.8,1139.8
9734,1135.8,1139.8
9735,1135.3,1146.3
9736,1142.8,1146.8
9737,1143.6,1151.6
9738,1147.7,1151.7
9739,1147.0,1151.0
9740,1147.1,1151.1
9741,1147.0,1151.0
9742,1147.3,1151.3
9743,1147.2,1151.2
9744,1147.0,1151.0
9745,1147.1,1151.1
9746,1143.0,1151.0
9747,1140.6,1147.6
9748,1142.0,1146.0
9749,1141.0,1145.0
9750,1141.3,1145.3
9751,1141.0,1146.0
9752,1141.0,1145.0
9753,1141.2,1145.2
9754,1141.2,1145.2
9755,1140.5,1145.5
9756,1136.0,1144.0
9757,1135.5,1139.5
9758,1131.6,1138.6
9759,1131.2,1135.2
9760,1131.2,1135.2
9761,1130.8,1134.8
9762,1130.8,1134.8
9763,1131.3,1136.3
9764,1132.4,1137.4
9765,1133.0,1138.0
9766,1133.0,1137.0
9767,1132.8,1136.8
9768,1131.9,1136.9
9769,1131.8,1135.8
9770,1132.6,1136.6
9771,1132.6,1136.6
9772,1130.5,1136.5
9773,1131.2,1135.2
9774,1131.2,1137.2
9775,1133.4,1137.4
9776,1134.1,1139.1
9777,1135.4,1139.4
9778,1135.4,1139.4
9779,1133.8,1138.8
9780,1133.4,1137.4
9781,1134.0,1138.0
9782,1134.0,1138.0
9783,1133.2,1138.2
9784,1133.2,1137.2
9785,1134.0,1139.0
9786,1134.1,1139.1
9787,1133.3,1138.3
9788,1135.2,1139.2
9789,1135.5,1139.5
9790,1131.5,1139.5
9791,1131.5,1135.5
9792,1129.6,1134.6
9793,1130.0,1134.0
9794,1129.7,1133.7
9795,1129.5,1134.5
9796,1131.2,1135.2
9797,1130.3,1134.3
9798,1130.3,1134.3
9799,1130.2,1134.2
9800,1130.4,1134.4
9801,1130.0,1134.0
9802,1130.0,1135.0
9803,1130.8,1135.8
9804,1130.6,1134.6
9805,1130.9,1134.9
9806,1130.9,1135.9
9807,1132.8,1137.8
9808,1131.2,1138.2
9809,1130.2,1135.2
9810,1130.0,1134.0
9811,1130.9,1134.9
9812,1129.4,1134.4
9813,1128.9,1133.9
9814,1128.2,1134.2
9815,1128.2,1132.2
9816,1128.2,1132.2
9817,1128.5,1132.5
9818,1128.4,1133.4
9819,1129.3,1133.3
9820,1129.3,1134.3
9821,1130.7,1136.7
9822,1133.5,1139.5
9823,1136.0,1140.0
9824,1135.7,1139.7
9825,1135.7,1139.7
9826,1132.2,1140.2
9827,1131.5,1135.5
9828,1131.0,1136.0
9829,1131.1,1136.1
9830,1130.6,1136.6
9831,1133.1,1140.1
9832,1137.0,1141.0
9833,1136.8,1140.8
9834,1136.8,1141.8
9835,1138.2,1142.2
9836,1138.6,1143.6
9837,1139.2,1143.2
9838,1138.5,1142.5
9839,1138.5,1142.5
9840,1139.4,1143.4
9841,1138.8,1142.8
9842,1138.3,1142.3
9843,1137.5,1143.5
9844,1139.5,1143.5
9845,1139.1,1143.1
9846,1139.8,1143.8
9847,1140.6,1144.6
9848,1140.6,1144.6
9849,1140.8,1144.8
9850,1140.2,1144.2
9851,1140.6,1144.6
9852,1140.6,1145.6
9853,1141.8,1145.8
9854,1142.7,1146.7
9855,1142.2,1147.2
9856,1142.1,1147.1
9857,1143.2,1147.2
9858,1142.9,1146.9
9859,1142.8,1146.8
9860,1142.8,1146.8
9861,1143.4,1147.4
9862,1141.3,1147.3
9863,1141.2,1147.2
9864,1143.1,1147.1
9865,1142.3,1146.3
9866,1142.0,1146.0
9867,1142.2,1146.2
9868,1142.2,1146.2
9869,1142.2,1146.2
9870,1142.0,1146.0
9871,1142.3,1146.3
9872,1140.5,1146.5
9873,1138.8,1143.8
9874,1137.6,1142.6
9875,1137.4,1143.4
9876,1140.0,1144.0
9877,1139.8,1143.8
9878,1139.2,1143.2
9879,1138.3,1143.3
9880,1137.2,1142.2
9881,1138.0,1142.0
9882,1138.8,1142.8
9883,1139.6,1143.6
9884,1139.3,1143.3
9885,1139.5,1144.5
9886,1140.6,1144.6
9887,1140.9,1144.9
9888,1140.9,1145.9
9889,1142.2,1148.2
9890,1144.5,1148.5
9891,1144.3,1148.3
9892,1144.5,1148.5
9893,1145.2,1149.2
9894,1145.2,1149.2
9895,1146.2,1151.2
9896,1147.3,1151.3
9897,1147.2,1152.2
9898,1146.8,1151.8
9899,1148.0,1152.0
9900,1148.8,1152.8
9901,1149.3,1154.3
9902,1150.3,1155.3
9903,1151.9,1156.9
9904,1153.5,1157.5
9905,1154.2,1158.2
9906,1154.2,1159.2
9907,1155.3,1159.3
9908,1155.3,1159.3
9909,1155.8,1160.8
9910,1156.3,1164.3
9911,1160.5,1164.5
9912,1161.4,1165.4
9913,1161.4,1165.4
9914,1159.6,1165.6
9915,1159.2,1163.2
9916,1159.5,1163.5
9917,1159.7,1163.7
9918,1159.9,1163.9
9919,1159.8,1164.8
9920,1160.8,1164.8
9921,1160.5,1164.5
9922,1155.5,1164.5
9923,1154.8,1158.8
9924,1154.4,1158.4
9925,1154.8,1158.8
9926,1154.6,1158.6
9927,1153.7,1158.7
9928,1151.5,1157.5
9929,1151.3,1155.3
9930,1150.8,1154.8
9931,1150.1,1157.1
9932,1153.3,1157.3
9933,1153.6,1159.6
9934,1151.8,1159.8
9935,1151.6,1155.6
9936,1149.6,1155.6
9937,1149.3,1153.3
9938,1150.3,1155.3
9939,1152.2,1156.2
9940,1152.5,1157.5
9941,1153.4,1157.4
9942,1154.0,1161.0
9943,1157.2,1161.2
9944,1155.7,1161.7
9945,1153.8,1158.8
9946,1154.0,1158.0
9947,1154.3,1158.3
9948,1152.7,1157.7
9949,1152.2,1156.2
9950,1152.8,1157.8
9951,1153.8,1157.8
9952,1154.2,1158.2
9953,1154.2,1158.2
9954,1154.1,1158.1
9955,1153.2,1157.2
9956,1153.0,1161.0
9957,1156.6,1161.6
9958,1155.8,1161.8
9959,1158.5,1162.5
9960,1156.6,1161.6
9961,1156.6,1160.6
9962,1156.4,1160.4
9963,1156.4,1161.4
9964,1157.5,1161.5
9965,1157.5,1161.5
9966,1156.6,1160.6
9967,1157.0,1162.0
9968,1159.0,1163.0
9969,1159.9,1163.9
9970,1159.9,1163.9
9971,1159.5,1163.5
9972,1158.5,1163.5
9973,1159.0,1163.0
9974,1158.3,1162.3
9975,1159.0,1163.0
9976,1159.1,1163.1
9977,1157.2,1163.2
9978,1154.1,1161.1
9979,1153.8,1157.8
9980,1153.6,1157.6
9981,1154.2,1158.2
9982,1153.3,1158.3
9983,1153.3,1157.3
9984,1152.4,1157.4
9985,1152.3,1156.3
9986,1152.3,1156.3
9987,1152.8,1156.8
9988,1153.2,1157.2
9989,1153.2,1158.2
9990,1154.5,1158.5
9991,1154.6,1158.6
9992,1152.8,1158.8
9993,1152.4,1156.4
9994,1152.8,1158.8
9995,1155.5,1159.5
9996,1155.9,1164.9
9997,1161.1,1165.1
9998,1161.5,1165.5
9999,1161.5,1165.5
10000,1161.5,1165.5
10001,1162.0,1167.0
10002,1163.8,1167.8
10003,1163.8,1167.8
10004,1164.3,1168.3
10005,1165.1,1169.1
10006,1165.2,1169.2
10007,1164.2,1169.2
10008,1160.8,1167.8
10009,1160.2,1164.2
10010,1160.2,1164.2
10011,1159.8,1163.8
10012,1158.2,1163.2
10013,1157.8,1161.8
10014,1157.4,1161.4
10015,1156.5,1161.5
10016,1156.0,1160.0
10017,1155.9,1159.9
10018,1155.2,1160.2
10019,1156.8,1160.8
10020,1156.5,1160.5
10021,1156.3,1160.3
10022,1155.7,1159.7
10023,1155.8,1159.8
10024,1156.0,1161.0
10025,1157.2,1161.2
10026,1156.2,1160.2
10027,1155.3,1160.3
10028,1155.0,1162.0
10029,1158.1,1162.1
10030,1158.1,1164.1
10031,1160.7,1166.7
10032,1162.0,1167.0
10033,1161.2,1165.2
10034,1161.0,1166.0
10035,1162.8,1171.8
10036,1166.8,1171.8
10037,1166.5,1171.5
10038,1167.5,1171.5
10039,1167.5,1171.5
10040,1167.3,1171.3
10041,1166.9,1170.9
10042,1166.3,1170.3
10043,1165.6,1170.6
10044,1166.9,1170.9
10045,1166.8,1170.8
10046,1167.2,1171.2
10047,1166.7,1170.7
10048,1166.8,1170.8
10049,1166.1,1172.1
10050,1168.3,1173.3
10051,1170.1,1174.1
10052,1170.8,1178.8
10053,1175.6,1179.6
10054,1175.3,1179.3
10055,1175.6,1179.6
10056,1175.9,1179.9
10057,1176.3,1180.3
10058,1175.7,1179.7
10059,1175.7,1179.7
10060,1175.4,1180.4
10061,1175.9,1180.9
10062,1177.7,1182.7
10063,1178.6,1182.6
10064,1178.3,1182.3
10065,1178.3,1183.3
10066,1177.6,1183.6
10067,1177.5,1181.5
10068,1176.1,1181.1
10069,1175.5,1180.5
10070,1174.8,1178.8
10071,1175.1,1179.1
10072,1175.5,1179.5
10073,1175.5,1180.5
10074,1177.2,1182.2
10075,1178.3,1182.3
10076,1178.2,1182.2
10077,1178.3,1191.3
10078,1187.8,1191.8
10079,1187.6,1191.6
10080,1187.9,1193.9
10081,1189.3,1194.3
10082,1190.4,1194.4
10083,1189.9,1194.9
10084,1191.4,1195.4
10085,1188.6,1195.6
10086,1190.3,1194.3
10087,1189.8,1193.8
10088,1188.5,1193.5
10089,1184.4,1192.4
10090,1184.0,1189.0
10091,1185.3,1189.3
10092,1185.0,1189.0
10093,1185.0,1189.0
10094,1185.2,1189.2
10095,1183.9,1188.9
10096,1184.0,1188.0
10097,1183.3,1187.3
10098,1183.5,1187.5
10099,1183.2,1187.2
10100,1183.3,1187.3
10101,1181.8,1186.8
10102,1181.8,1185.8
10103,1181.8,1185.8
10104,1181.8,1185.8
10105,1181.6,1186.6
10106,1181.2,1185.2
10107,1180.5,1184.5
10108,1180.6,1184.6
10109,1177.7,1184.7
10110,1179.3,1183.3
10111,1177.8,1182.8
10112,1176.6,1181.6
10113,1175.7,1179.7
10114,1175.8,1179.8
10115,1175.8,1179.8
10116,1175.8,1179.8
10117,1175.8,1179.8
10118,1176.2,1182.2
10119,1178.5,1182.5
10120,1178.8,1182.8
10121,1178.8,1182.8
10122,1177.8,1182.8
10123,1177.7,1181.7
10124,1176.8,1182.8
10125,1177.9,1184.9
10126,1181.5,1185.5
10127,1180.8,1184.8
10128,1180.8,1184.8
10129,1180.8,1184.8
10130,1174.5,1184.5
10131,1174.2,1178.2
10132,1174.1,1178.1
10133,1174.3,1178.3
10134,1172.7,1177.7
10135,1172.4,1183.4
10136,1178.6,1184.6
10137,1178.7,1183.7
10138,1178.6,1184.6
10139,1180.7,1184.7
10140,1180.8,1184.8
10141,1180.4,1184.4
10142,1179.5,1184.5
10143,1181.5,1185.5
10144,1180.1,1185.1
10145,1179.4,1184.4
10146,1180.8,1185.8
10147,1181.8,1187.8
10148,1184.4,1188.4
10149,1184.2,1188.2
10150,1183.8,1187.8
10151,1183.8,1187.8
10152,1183.7,1187.7
10153,1183.7,1187.7
10154,1183.5,1187.5
10155,1183.5,1187.5
10156,1183.2,1188.2
10157,1184.3,1188.3
10158,1183.8,1188.8
10159,1182.2,1187.2
10160,1181.3,1185.3
10161,1180.7,1184.7
10162,1179.2,1185.2
10163,1177.6,1182.6
10164,1177.3,1181.3
10165,1176.2,1181.2
10166,1175.5,1179.5
10167,1175.0,1179.0
10168,1175.0,1179.0
10169,1174.3,1178.3
10170,1172.6,1178.6
10171,1172.5,1176.5
10172,1172.8,1176.8
10173,1172.8,1176.8
10174,1173.4,1177.4
10175,1173.8,1177.8
10176,1174.2,1178.2
10177,1174.2,1179.2
10178,1175.8,1179.8
10179,1175.9,1179.9
10180,1175.7,1179.7
10181,1176.0,1180.0
10182,1176.0,1180.0
10183,1175.3,1179.3
10184,1175.3,1179.3
10185,1175.9,1179.9
10186,1176.3,1180.3
10187,1176.3,1180.3
10188,1176.3,1180.3
10189,1176.8,1180.8
10190,1176.9,1180.9
10191,1176.9,1182.9
10192,1179.0,1183.0
10193,1178.0,1183.0
10194,1177.8,1181.8
10195,1177.2,1181.2
10196,1177.2,1182.2
10197,1178.8,1182.8
10198,1178.9,1182.9
10199,1178.7,1182.7
10200,1177.8,1182.8
10201,1177.8,1181.8
10202,1175.4,1182.4
10203,1176.2,1180.2
10204,1176.2,1180.2
10205,1177.2,1186.2
10206,1182.2,1189.2
10207,1186.0,1190.0
10208,1185.2,1192.2
10209,1188.5,1192.5
10210,1188.5,1192.5
10211,1188.3,1194.3
10212,1190.2,1194.2
10213,1190.2,1194.2
10214,1189.8,1193.8
10215,1189.8,1196.8
10216,1193.0,1198.0
10217,1194.2,1198.2
10218,1194.4,1198.4
10219,1190.4,1198.4
10220,1187.7,1193.7
10221,1187.6,1191.6
10222,1187.7,1194.7
10223,1191.0,1197.0
10224,1192.2,1198.2
10225,1194.9,1200.9
10226,1197.3,1201.3
10227,1197.9,1201.9
10228,1197.9,1201.9
10229,1197.2,1202.2
10230,1199.0,1203.0
10231,1195.2,1202.2
10232,1193.4,1199.4
10233,1192.8,1196.8
10234,1191.5,1196.5
10235,1191.2,1198.2
10236,1195.0,1199.0
10237,1194.8,1198.8
10238,1195.6,1199.6
10239,1193.6,1199.6
10240,1193.4,1198.4
10241,1194.2,1199.2
10242,1194.8,1198.8
10243,1194.4,1198.4
10244,1194.0,1198.0
10245,1194.0,1198.0
10246,1192.8,1197.8
10247,1192.6,1196.6
10248,1192.9,1196.9
10249,1193.4,1197.4
10250,1193.4,1197.4
10251,1192.0,1197.0
10252,1190.5,1195.5
10253,1190.1,1194.1
10254,1190.5,1194.5
10255,1190.5,1194.5
10256,1190.4,1194.4
10257,1189.6,1193.6
10258,1190.4,1195.4
10259,1192.0,1196.0
10260,1191.0,1197.0
10261,1192.3,1197.3
10262,1189.5,1197.5
10263,1189.5,1194.5
10264,1190.2,1195.2
10265,1191.6,1195.6
10266,1189.6,1195.6
10267,1189.5,1193.5
10268,1189.8,1194.8
10269,1190.8,1194.8
10270,1190.8,1195.8
10271,1192.0,1196.0
10272,1191.8,1195.8
10273,1190.6,1197.6
10274,1193.0,1201.0
10275,1196.4,1200.4
10276,1192.6,1199.6
10277,1192.4,1196.4
10278,1192.4,1196.4
10279,1192.3,1196.3
10280,1192.5,1196.5
10281,1192.2,1197.2
10282,1194.2,1198.2
10283,1193.7,1197.7
10284,1190.4,1197.4
10285,1190.6,1194.6
10286,1190.5,1194.5
10287,1190.2,1194.2
10288,1191.0,1195.0
10289,1191.6,1195.6
10290,1192.2,1197.2
10291,1193.3,1198.3
10292,1193.6,1198.6
10293,1193.2,1197.2
10294,1193.2,1199.2
10295,1195.3,1199.3
10296,1194.5,1199.5
10297,1194.8,1198.8
10298,1193.8,1198.8
10299,1193.5,1197.5
10300,1191.1,1198.1
10301,1190.0,1195.0
10302,1189.9,1193.9
10303,1190.5,1194.5
10304,1190.8,1194.8
10305,1191.0,1195.0
10306,1191.0,1196.0
10307,1192.0,1196.0
10308,1190.8,1195.8
10309,1186.7,1194.7
10310,1186.0,1190.0
10311,1185.4,1189.4
10312,1185.2,1189.2
10313,1184.5,1189.5
10314,1184.4,1190.4
10315,1187.2,1191.2
10316,1187.2,1192.2
10317,1188.6,1192.6
10318,1183.6,1192.6
10319,1183.0,1187.0
10320,1181.5,1186.5
10321,1182.1,1186.1
10322,1182.2,1188.2
10323,1184.2,1188.2
10324,1184.2,1188.2
10325,1182.9,1188.9
10326,1182.0,1187.0
10327,1182.0,1186.0
10328,1181.4,1185.4
10329,1181.5,1185.5
10330,1181.3,1185.3
10331,1177.1,1185.1
10332,1176.8,1181.8
10333,1176.2,1182.2
10334,1176.2,1180.2
10335,1175.5,1181.5
10336,1177.0,1181.0
10337,1175.0,1181.0
10338,1175.4,1179.4
10339,1175.4,1179.4
10340,1175.4,1179.4
10341,1174.0,1180.0
10342,1173.2,1177.2
10343,1174.0,1180.0
10344,1176.3,1180.3
10345,1175.8,1179.8
10346,1175.2,1179.2
10347,1175.4,1181.4
10348,1177.4,1181.4
10349,1178.2,1184.2
10350,1180.4,1184.4
10351,1180.3,1185.3
10352,1181.5,1185.5
10353,1180.6,1185.6
10354,1182.3,1186.3
10355,1181.2,1186.2
10356,1180.5,1187.5
10357,1183.0,1188.0
10358,1182.2,1186.2
10359,1182.1,1186.1
10360,1181.5,1185.5
10361,1181.5,1185.5
10362,1181.8,1185.8
10363,1182.0,1186.0
10364,1182.1,1186.1
10365,1182.8,1186.8
10366,1180.0,1187.0
10367,1178.6,1184.6
10368,1177.7,1181.7
10369,1178.1,1182.1
10370,1174.8,1182.8
10371,1172.6,1178.6
10372,1171.7,1175.7
10373,1171.2,1175.2
10374,1168.2,1175.2
10375,1166.0,1172.0
10376,1165.2,1170.2
10377,1165.4,1170.4
10378,1165.3,1169.3
10379,1165.3,1170.3
10380,1166.3,1170.3
10381,1166.4,1170.4
10382,1164.4,1170.4
10383,1164.4,1168.4
10384,1164.5,1168.5
10385,1164.4,1169.4
10386,1165.6,1170.6
10387,1166.2,1172.2
10388,1167.4,1172.4
10389,1165.6,1172.6
10390,1167.2,1171.2
10391,1166.7,1171.7
10392,1164.4,1170.4
10393,1164.0,1171.0
10394,1167.6,1171.6
10395,1167.5,1171.5
10396,1165.4,1171.4
10397,1165.2,1169.2
10398,1165.2,1169.2
10399,1165.2,1171.2
10400,1167.7,1171.7
10401,1167.7,1171.7
10402,1167.8,1171.8
10403,1167.8,1171.8
10404,1167.8,1171.8
10405,1167.4,1171.4
10406,1168.0,1172.0
10407,1168.0,1172.0
10408,1165.2,1171.2
10409,1164.4,1169.4
10410,1163.0,1168.0
10411,1162.2,1166.2
10412,1162.8,1166.8
10413,1162.1,1167.1
10414,1163.2,1167.2
10415,1159.2,1167.2
10416,1159.2,1163.2
10417,1159.2,1163.2
10418,1158.0,1164.0
10419,1157.2,1161.2
10420,1157.2,1161.2
10421,1157.2,1161.2
10422,1156.8,1160.8
10423,1156.8,1160.8
10424,1155.9,1160.9
10425,1155.9,1159.9
10426,1155.0,1160.0
10427,1154.8,1158.8
10428,1154.3,1158.3
10429,1151.4,1158.4
10430,1151.1,1155.1
10431,1150.2,1154.2
10432,1150.1,1154.1
10433,1150.1,1154.1
10434,1150.1,1154.1
10435,1149.9,1153.9
10436,1150.0,1154.0
10437,1150.0,1154.0
10438,1149.5,1153.5
10439,1149.5,1154.5
10440,1151.0,1155.0
10441,1151.1,1155.1
10442,1150.3,1156.3
10443,1151.2,1155.2
10444,1150.5,1154.5
10445,1150.0,1155.0
10446,1151.2,1157.2
10447,1153.3,1158.3
10448,1154.3,1158.3
10449,1152.5,1158.5
10450,1152.9,1157.9
10451,1152.5,1157.5
10452,1152.4,1156.4
10453,1152.2,1157.2
10454,1153.4,1159.4
10455,1156.1,1164.1
10456,1159.7,1163.7
10457,1159.6,1163.6
10458,1160.0,1165.0
10459,1161.8,1165.8
10460,1162.0,1166.0
10461,1162.0,1166.0
10462,1159.4,1165.4
10463,1159.1,1164.1
10464,1160.6,1164.6
10465,1161.2,1165.2
10466,1161.2,1165.2
10467,1160.7,1164.7
10468,1160.7,1166.7
10469,1163.2,1167.2
10470,1162.9,1166.9
10471,1162.9,1166.9
10472,1163.5,1167.5
10473,1163.5,1167.5
10474,1162.5,1167.5
10475,1161.5,1165.5
10476,1161.2,1165.2
10477,1159.8,1164.8
10478,1158.9,1163.9
10479,1160.5,1164.5
10480,1160.2,1166.2
10481,1162.5,1166.5
10482,1161.4,1166.4
10483,1161.2,1166.2
10484,1162.7,1166.7
10485,1162.1,1166.1
10486,1162.5,1166.5
10487,1162.5,1166.5
10488,1162.3,1166.3
10489,1162.5,1166.5
10490,1163.0,1170.0
10491,1166.4,1170.4
10492,1166.4,1170.4
10493,1167.2,1171.2
10494,1166.4,1170.4
10495,1166.9,1170.9
10496,1166.2,1170.2
10497,1166.2,1170.2
10498,1166.2,1170.2
10499,1165.5,1170.5
10500,1166.5,1170.5
10501,1164.5,1170.5
10502,1161.2,1168.2
10503,1161.2,1165.2
10504,1160.1,1165.1
10505,1160.8,1164.8
10506,1160.8,1164.8
10507,1160.6,1164.6
10508,1161.2,1166.2
10509,1161.2,1167.2
10510,1161.0,1167.0
10511,1163.8,1167.8
10512,1164.3,1168.3
10513,1164.3,1168.3
10514,1164.3,1168.3
10515,1163.3,1168.3
10516,1161.9,1166.9
10517,1161.6,1165.6
10518,1160.1,1165.1
10519,1160.6,1165.6
10520,1161.2,1167.2
10521,1162.4,1166.4
10522,1162.3,1169.3
10523,1164.8,1169.8
10524,1164.0,1168.0
10525,1163.8,1170.8
10526,1165.0,1171.0
10527,1164.4,1169.4
10528,1164.8,1169.8
10529,1163.6,1168.6
10530,1163.3,1167.3
10531,1163.8,1167.8
10532,1163.9,1167.9
10533,1163.7,1167.7
10534,1163.6,1167.6
10535,1163.8,1167.8
10536,1163.5,1167.5
10537,1162.6,1166.6
10538,1162.0,1166.0
10539,1162.0,1166.0
10540,1160.8,1165.8
10541,1160.1,1164.1
10542,1159.3,1164.3
10543,1159.0,1163.0
10544,1158.5,1162.5
10545,1158.5,1162.5
10546,1159.3,1163.3
10547,1158.5,1162.5
10548,1157.8,1162.8
10549,1157.3,1161.3
10550,1157.3,1161.3
10551,1157.0,1161.0
10552,1156.3,1161.3
10553,1157.7,1161.7
10554,1155.9,1161.9
10555,1155.6,1160.6
10556,1157.2,1161.2
10557,1157.2,1162.2
10558,1158.6,1162.6
10559,1158.1,1162.1
10560,1157.2,1162.2
10561,1157.0,1161.0
10562,1157.0,1161.0
10563,1155.2,1160.2
10564,1153.2,1159.2
10565,1153.4,1157.4
10566,1152.7,1156.7
10567,1152.8,1158.8
10568,1155.0,1159.0
10569,1154.3,1159.3
10570,1153.2,1158.2
10571,1152.9,1156.9
10572,1152.2,1156.2
10573,1152.4,1156.4
10574,1151.9,1157.9
10575,1154.2,1158.2
10576,1154.6,1158.6
10577,1154.8,1158.8
10578,1155.0,1160.0
10579,1156.3,1160.3
10580,1156.6,1160.6
10581,1156.6,1162.6
10582,1158.8,1162.8
10583,1158.6,1162.6
10584,1159.1,1163.1
10585,1158.8,1162.8
10586,1156.6,1162.6
10587,1156.5,1160.5
10588,1156.5,1160.5
10589,1156.3,1164.3
10590,1158.2,1165.2
10591,1157.2,1161.2
10592,1157.2,1161.2
10593,1157.4,1161.4
10594,1157.4,1161.4
10595,1156.3,1161.3
10596,1156.0,1160.0
10597,1156.0,1160.0
10598,1156.0,1162.0
10599,1158.0,1162.0
10600,1158.1,1162.1
10601,1158.5,1162.5
10602,1158.8,1162.8
10603,1158.8,1162.8
10604,1158.5,1163.5
10605,1160.2,1164.2
10606,1160.8,1164.8
10607,1160.9,1164.9
10608,1160.9,1165.9
10609,1162.7,1166.7
10610,1162.9,1167.9
10611,1162.3,1168.3
10612,1162.3,1166.3
10613,1160.4,1166.4
10614,1159.8,1163.8
10615,1159.8,1164.8
10616,1161.2,1165.2
10617,1160.6,1164.6
10618,1160.0,1164.0
10619,1160.4,1165.4
10620,1162.2,1166.2
10621,1161.9,1166.9
10622,1161.5,1165.5
10623,1162.0,1166.0
10624,1162.2,1166.2
10625,1161.2,1166.2
10626,1160.8,1171.8
10627,1167.4,1172.4
10628,1167.2,1173.2
10629,1169.0,1175.0
10630,1171.3,1178.3
10631,1174.5,1178.5
10632,1172.3,1178.3
10633,1171.9,1175.9
10634,1171.0,1177.0
10635,1171.8,1178.8
10636,1175.0,1179.0
10637,1175.0,1179.0
10638,1174.2,1178.2
10639,1172.8,1177.8
10640,1170.0,1176.0
10641,1170.0,1174.0
10642,1170.3,1174.3
10643,1170.6,1174.6
10644,1170.6,1175.6
10645,1172.0,1176.0
10646,1170.0,1176.0
10647,1169.4,1173.4
10648,1169.5,1173.5
10649,1169.5,1173.5
10650,1169.6,1173.6
10651,1169.3,1173.3
10652,1169.2,1173.2
10653,1169.2,1173.2
10654,1169.3,1173.3
10655,1169.8,1173.8
10656,1170.5,1174.5
10657,1170.5,1175.5
10658,1170.3,1176.3
10659,1170.1,1174.1
10660,1170.6,1175.6
10661,1172.3,1176.3
10662,1171.5,1175.5
10663,1171.3,1178.3
10664,1175.0,1183.0
10665,1178.6,1183.6
10666,1177.7,1183.7
10667,1176.8,1180.8
10668,1176.8,1180.8
10669,1176.8,1180.8
10670,1175.9,1179.9
10671,1175.9,1179.9
10672,1175.3,1179.3
10673,1175.0,1181.0
10674,1177.2,1181.2
10675,1177.2,1181.2
10676,1177.0,1181.0
10677,1177.5,1181.5
10678,1177.2,1181.2
10679,1175.6,1181.6
10680,1172.6,1179.6
10681,1172.5,1176.5
10682,1172.5,1176.5
10683,1172.8,1177.8
10684,1174.3,1178.3
10685,1174.4,1178.4
10686,1174.0,1179.0
10687,1173.6,1178.6
10688,1171.2,1179.2
10689,1170.7,1174.7
10690,1170.2,1174.2
10691,1170.3,1176.3
10692,1172.7,1176.7
10693,1168.7,1176.7
10694,1167.5,1172.5
10695,1166.5,1171.5
10696,1166.2,1170.2
10697,1166.2,1170.2
10698,1165.5,1169.5
10699,1165.5,1169.5
10700,1165.4,1169.4
10701,1165.4,1169.4
10702,1165.8,1169.8
10703,1166.2,1171.2
10704,1168.0,1172.0
10705,1168.2,1172.2
10706,1167.8,1171.8
10707,1167.5,1171.5
10708,1166.6,1170.6
10709,1167.4,1172.4
10710,1168.8,1172.8
10711,1168.2,1172.2
10712,1168.3,1174.3
10713,1170.8,1178.8
10714,1175.2,1179.2
10715,1175.2,1179.2
10716,1175.6,1179.6
10717,1175.3,1179.3
10718,1175.8,1179.8
10719,1176.0,1180.0
10720,1175.6,1179.6
10721,1175.2,1179.2
10722,1175.0,1179.0
10723,1175.8,1179.8
10724,1175.8,1179.8
10725,1175.8,1179.8
10726,1175.5,1180.5
10727,1175.9,1180.9
10728,1171.4,1179.4
10729,1171.3,1176.3
10730,1171.8,1175.8
10731,1171.0,1175.0
10732,1170.9,1174.9
10733,1171.8,1175.8
10734,1172.2,1176.2
10735,1172.2,1176.2
10736,1171.6,1175.6
10737,1169.9,1174.9
10738,1170.0,1174.0
10739,1170.2,1177.2
10740,1172.0,1177.0
10741,1172.0,1178.0
10742,1174.9,1178.9
10743,1174.7,1178.7
10744,1174.8,1179.8
10745,1176.3,1185.3
10746,1182.2,1188.2
10747,1184.3,1188.3
10748,1184.8,1188.8
10749,1184.5,1189.5
10750,1184.1,1188.1
10751,1183.3,1188.3
10752,1184.5,1188.5
10753,1183.5,1188.5
10754,1182.7,1186.7
10755,1182.3,1188.3
10756,1181.5,1188.5
10757,1181.5,1185.5
10758,1181.7,1185.7
10759,1181.6,1185.6
10760,1181.8,1185.8
10761,1181.8,1185.8
10762,1182.0,1186.0
10763,1181.2,1186.2
10764,1181.0,1186.0
10765,1181.8,1186.8
10766,1182.8,1186.8
10767,1182.5,1186.5
10768,1183.2,1187.2
10769,1181.8,1186.8
10770,1181.4,1188.4
10771,1184.9,1188.9
10772,1184.6,1188.6
10773,1184.0,1188.0
10774,1183.3,1187.3
10775,1182.7,1186.7
10776,1182.3,1186.3
10777,1182.5,1186.5
10778,1182.4,1190.4
10779,1186.2,1191.2
10780,1186.2,1190.2
10781,1185.2,1190.2
10782,1184.0,1189.0
10783,1182.3,1187.3
10784,1181.8,1185.8
10785,1182.2,1186.2
10786,1182.4,1186.4
10787,1182.3,1186.3
10788,1179.8,1186.8
10789,1179.8,1184.8
10790,1180.0,1185.0
10791,1180.0,1186.0
10792,1182.4,1186.4
10793,1182.0,1186.0
10794,1182.2,1186.2
10795,1181.8,1185.8
10796,1180.2,1185.2
10797,1179.3,1183.3
10798,1179.4,1188.4
10799,1184.7,1188.7
10800,1184.3,1188.3
10801,1184.1,1192.1
10802,1188.2,1192.2
10803,1188.6,1192.6
10804,1189.1,1193.1
10805,1188.0,1193.0
10806,1188.0,1192.0
10807,1187.6,1191.6
10808,1187.2,1191.2
10809,1188.1,1193.1
10810,1189.7,1193.7
10811,1190.1,1196.1
10812,1192.3,1196.3
10813,1192.5,1196.5
10814,1192.6,1196.6
10815,1192.6,1196.6
10816,1192.8,1196.8
10817,1192.6,1197.6
10818,1193.6,1197.6
10819,1193.2,1197.2
10820,1193.4,1199.4
10821,1195.8,1199.8
10822,1193.3,1199.3
10823,1192.8,1196.8
10824,1192.0,1196.0
10825,1187.9,1195.9
10826,1187.5,1191.5
10827,1187.3,1191.3
10828,1187.4,1191.4
10829,1187.3,1191.3
10830,1184.3,1191.3
10831,1184.2,1188.2
10832,1184.5,1188.5
10833,1184.0,1189.0
10834,1183.6,1190.6
10835,1186.8,1190.8
10836,1186.7,1190.7
10837,1187.6,1191.6
10838,1187.5,1193.5
10839,1190.0,1194.0
10840,1190.9,1194.9
10841,1190.4,1200.4
10842,1197.0,1201.0
10843,1197.0,1201.0
10844,1197.3,1201.3
10845,1193.5,1200.5
10846,1192.0,1197.0
10847,1191.8,1195.8
10848,1191.8,1195.8
10849,1190.8,1195.8
10850,1190.3,1194.3
10851,1190.3,1195.3
10852,1191.5,1195.5
10853,1192.0,1197.0
10854,1193.6,1198.6
10855,1194.3,1198.3
10856,1194.5,1198.5
10857,1194.5,1198.5
10858,1194.8,1199.8
10859,1196.3,1200.3
10860,1196.3,1201.3
10861,1197.4,1201.4
10862,1197.3,1201.3
10863,1196.3,1201.3
10864,1195.6,1199.6
10865,1195.3,1199.3
10866,1195.8,1200.8
10867,1196.4,1201.4
10868,1196.4,1200.4
10869,1197.2,1202.2
10870,1198.8,1202.8
10871,1199.0,1204.0
10872,1200.0,1204.0
10873,1200.2,1204.2
10874,1197.6,1203.6
10875,1197.1,1201.1
10876,1197.3,1201.3
10877,1197.3,1201.3
10878,1197.2,1201.2
10879,1198.1,1202.1
10880,1198.2,1202.2
10881,1198.2,1202.2
10882,1198.8,1202.8
10883,1199.0,1203.0
10884,1199.0,1203.0
10885,1199.0,1203.0
10886,1199.4,1205.4
10887,1201.5,1206.5
10888,1203.3,1208.3
10889,1203.3,1208.3
10890,1202.5,1206.5
10891,1203.0,1207.0
10892,1203.3,1208.3
10893,1204.4,1209.4
10894,1206.2,1210.2
10895,1204.2,1210.2
10896,1204.2,1208.2
10897,1204.3,1208.3
10898,1204.5,1210.5
10899,1206.4,1210.4
10900,1206.4,1210.4
10901,1205.4,1210.4
10902,1205.5,1209.5
10903,1205.5,1209.5
10904,1204.5,1208.5
10905,1204.5,1208.5
10906,1204.5,1209.5
10907,1206.0,1210.0
10908,1206.0,1211.0
10909,1206.0,1212.0
10910,1206.2,1212.2
10911,1205.6,1209.6
10912,1205.1,1209.1
10913,1204.2,1208.2
10914,1203.9,1208.9
10915,1205.2,1209.2
10916,1205.1,1209.1
10917,1205.6,1209.6
10918,1205.9,1209.9
10919,1206.2,1211.2
10920,1207.0,1211.0
10921,1206.5,1211.5
10922,1205.1,1211.1
10923,1205.8,1209.8
10924,1205.8,1209.8
10925,1205.8,1209.8
10926,1205.8,1209.8
10927,1204.0,1210.0
10928,1203.5,1212.5
10929,1207.4,1212.4
10930,1207.0,1219.0
10931,1215.5,1220.5
10932,1216.9,1220.9
10933,1216.5,1220.5
10934,1217.3,1221.3
10935,1217.8,1221.8
10936,1217.0,1227.0
10937,1223.8,1230.8
10938,1227.0,1232.0
10939,1228.1,1232.1
10940,1225.1,1232.1
10941,1225.1,1229.1
10942,1224.5,1228.5
10943,1223.2,1228.2
10944,1217.3,1226.3
10945,1217.0,1224.0
10946,1218.5,1222.5
10947,1218.8,1222.8
10948,1217.8,1221.8
10949,1213.6,1221.6
10950,1213.4,1217.4
10951,1212.9,1216.9
10952,1213.2,1217.2
10953,1213.4,1217.4
10954,1213.2,1217.2
10955,1213.7,1217.7
10956,1213.7,1219.7
10957,1216.0,1220.0
10958,1215.2,1219.2
10959,1215.2,1220.2
10960,1215.8,1219.8
10961,1216.4,1220.4
10962,1214.9,1220.9
10963,1215.0,1219.0
10964,1215.0,1219.0
10965,1215.0,1219.0
10966,1215.0,1219.0
10967,1214.1,1219.1
10968,1214.6,1218.6
10969,1214.6,1218.6
10970,1214.8,1218.8
10971,1215.2,1220.2
10972,1216.8,1220.8
10973,1216.5,1220.5
10974,1215.0,1220.0
10975,1215.6,1219.6
10976,1214.4,1220.4
10977,1214.9,1219.9
10978,1215.6,1219.6
10979,1206.0,1220.0
10980,1204.4,1209.4
10981,1204.4,1209.4
10982,1205.8,1209.8
10983,1205.0,1209.0
10984,1204.7,1208.7
10985,1205.5,1209.5
10986,1205.5,1209.5
10987,1206.3,1210.3
10988,1206.4,1216.4
10989,1212.2,1217.2
10990,1212.0,1216.0
10991,1212.0,1216.0
10992,1211.8,1215.8
10993,1211.0,1215.0
10994,1210.5,1214.5
10995,1209.5,1214.5
10996,1209.4,1215.4
10997,1211.0,1215.0
10998,1211.4,1215.4
10999,1211.4,1215.4
11000,1210.8,1216.8
11001,1213.3,1217.3
11002,1213.7,1226.7
11003,1222.6,1226.6
11004,1223.1,1228.1
11005,1224.3,1228.3
11006,1223.7,1228.7
11007,1223.0,1229.0
11008,1225.1,1230.1
11009,1225.8,1232.8
11010,1229.2,1234.2
11011,1230.3,1234.3
11012,1229.3,1234.3
11013,1229.4,1234.4
11014,1230.3,1234.3
11015,1230.3,1234.3
11016,1230.6,1234.6
11017,1230.6,1234.6
11018,1230.2,1234.2
11019,1230.9,1234.9
11020,1231.2,1235.2
11021,1232.0,1236.0
11022,1231.0,1236.0
11023,1230.4,1234.4
11024,1230.3,1234.3
11025,1230.2,1234.2
11026,1230.2,1234.2
11027,1228.8,1235.8
11028,1228.8,1233.8
11029,1228.1,1236.1
11030,1232.2,1236.2
11031,1232.2,1238.2
11032,1234.2,1238.2
11033,1233.8,1237.8
11034,1233.8,1237.8
11035,1234.2,1238.2
11036,1234.6,1238.6
11037,1234.8,1239.8
11038,1235.4,1239.4
11039,1236.2,1240.2
11040,1235.5,1239.5
11041,1235.3,1239.3
11042,1231.7,1238.7
11043,1231.5,1235.5
11044,1232.4,1236.4
11045,1232.5,1236.5
11046,1231.0,1236.0
11047,1230.8,1234.8
11048,1230.1,1234.1
11049,1230.1,1235.1
11050,1231.2,1235.2
11051,1231.3,1236.3
11052,1233.3,1237.3
11053,1233.5,1237.5
11054,1233.5,1238.5
11055,1233.8,1238.8
11056,1233.2,1237.2
11057,1233.2,1238.2
11058,1234.3,1238.3
11059,1233.3,1238.3
11060,1233.2,1237.2
11061,1233.3,1238.3
11062,1234.5,1238.5
11063,1234.5,1238.5
11064,1234.8,1238.8
11065,1233.4,1238.4
11066,1232.0,1237.0
11067,1231.2,1237.2
11068,1233.1,1237.1
11069,1233.6,1237.6
11070,1234.2,1238.2
11071,1231.6,1237.6
11072,1230.4,1235.4
11073,1230.4,1234.4
11074,1230.5,1234.5
11075,1230.5,1234.5
11076,1230.5,1234.5
11077,1227.9,1234.9
11078,1227.9,1231.9
11079,1223.2,1231.2
11080,1222.2,1226.2
11081,1221.6,1227.6
11082,1223.2,1227.2
11083,1223.2,1228.2
11084,1224.5,1230.5
11085,1226.3,1231.3
11086,1227.5,1231.5
11087,1227.8,1234.8
11088,1231.7,1235.7
11089,1231.6,1235.6
11090,1231.6,1236.6
11091,1231.0,1238.0
11092,1232.0,1236.0
11093,1231.9,1235.9
11094,1230.6,1235.6
11095,1229.9,1233.9
11096,1230.6,1235.6
11097,1231.7,1235.7
11098,1231.5,1235.5
11099,1232.2,1236.2
11100,1231.4,1236.4
11101,1231.0,1239.0
11102,1235.0,1239.0
11103,1233.4,1238.4
11104,1233.2,1237.2
11105,1233.2,1237.2
11106,1231.1,1238.1
11107,1230.7,1234.7
11108,1230.1,1243.1
11109,1239.2,1243.2
11110,1238.4,1242.4
11111,1237.5,1241.5
11112,1237.5,1245.5
11113,1242.2,1246.2
11114,1242.5,1246.5
11115,1243.2,1247.2
11116,1242.2,1247.2
11117,1239.0,1246.0
11118,1238.7,1242.7
11119,1238.3,1242.3
11120,1237.6,1241.6
11121,1238.0,1243.0
11122,1239.4,1243.4
11123,1238.8,1242.8
11124,1238.8,1242.8
11125,1239.6,1243.6
11126,1238.6,1244.6
11127,1238.4,1243.4
11128,1238.2,1242.2
11129,1237.2,1242.2
11130,1236.9,1240.9
11131,1236.2,1240.2
11132,1236.0,1243.0
11133,1239.8,1243.8
11134,1239.8,1243.8
11135,1239.8,1243.8
11136,1239.4,1243.4
11137,1239.2,1244.2
11138,1239.2,1243.2
11139,1238.3,1242.3
11140,1237.7,1241.7
11141,1237.6,1241.6
11142,1238.0,1243.0
11143,1239.8,1243.8
11144,1239.0,1244.0
11145,1238.0,1242.0
11146,1238.0,1242.0
11147,1235.2,1241.2
11148,1235.0,1241.0
11149,1232.8,1240.8
11150,1232.8,1236.8
11151,1232.8,1236.8
11152,1232.8,1236.8
11153,1232.5,1236.5
11154,1232.8,1236.8
11155,1231.5,1236.5
11156,1230.7,1234.7
11157,1230.4,1234.4
11158,1230.4,1236.4
11159,1231.6,1236.6
11160,1231.2,1235.2
11161,1231.2,1235.2
11162,1226.5,1234.5
11163,1226.3,1230.3
11164,1223.3,1230.3
11165,1222.5,1226.5
11166,1219.5,1226.5
11167,1219.0,1223.0
11168,1215.2,1223.2
11169,1215.1,1219.1
11170,1215.3,1219.3
11171,1215.0,1219.0
11172,1213.0,1219.0
11173,1213.1,1217.1
11174,1213.3,1217.3
11175,1213.2,1218.2
11176,1211.6,1216.6
11177,1211.8,1215.8
11178,1212.3,1216.3
11179,1212.3,1216.3
11180,1210.8,1216.8
11181,1210.8,1215.8
11182,1210.3,1214.3
11183,1210.7,1214.7
11184,1210.7,1214.7
11185,1210.7,1214.7
11186,1207.0,1214.0
11187,1206.6,1213.6
11188,1210.2,1214.2
11189,1210.0,1214.0
11190,1210.0,1214.0
11191,1209.3,1213.3
11192,1210.1,1214.1
11193,1209.8,1213.8
11194,1209.4,1213.4
11195,1209.4,1213.4
11196,1210.2,1214.2
11197,1210.0,1214.0
11198,1210.1,1215.1
11199,1210.2,1216.2
11200,1212.0,1216.0
11201,1211.6,1215.6
11202,1211.6,1215.6
11203,1211.9,1215.9
11204,1209.9,1215.9
11205,1210.4,1214.4
11206,1209.6,1214.6
11207,1209.5,1213.5
11208,1209.8,1213.8
11209,1201.2,1213.2
11210,1201.1,1205.1
11211,1200.5,1204.5
11212,1199.9,1203.9
11213,1199.3,1203.3
11214,1199.3,1204.3
11215,1201.0,1206.0
11216,1202.8,1206.8
11217,1200.8,1206.8
11218,1200.4,1207.4
11219,1203.4,1207.4
11220,1203.2,1207.2
11221,1203.3,1207.3
11222,1203.2,1209.2
11223,1206.0,1210.0
11224,1205.4,1209.4
11225,1205.4,1209.4
11226,1205.1,1210.1
11227,1204.3,1208.3
11228,1204.2,1208.2
11229,1202.2,1208.2
11230,1202.0,1206.0
11231,1202.0,1207.0
11232,1204.0,1209.0
11233,1205.2,1209.2
11234,1205.3,1209.3
11235,1205.2,1209.2
11236,1205.3,1209.3
11237,1205.3,1211.3
11238,1205.3,1211.3
11239,1205.4,1209.4
11240,1205.5,1209.5
11241,1206.4,1210.4
11242,1206.5,1210.5
11243,1205.4,1210.4
11244,1202.6,1208.6
11245,1202.5,1206.5
11246,1201.4,1206.4
11247,1200.5,1204.5
11248,1200.0,1204.0
11249,1199.0,1204.0
11250,1198.0,1202.0
11251,1198.0,1202.0
11252,1197.0,1202.0
11253,1192.2,1200.2
11254,1191.3,1196.3
11255,1193.0,1197.0
11256,1193.0,1197.0
11257,1192.4,1197.4
11258,1191.3,1196.3
11259,1191.0,1195.0
11260,1190.8,1194.8
11261,1189.8,1194.8
11262,1189.5,1193.5
11263,1190.0,1195.0
11264,1191.8,1195.8
11265,1190.8,1194.8
11266,1188.2,1194.2
11267,1187.7,1193.7
11268,1189.9,1194.9
11269,1190.8,1195.8
11270,1190.3,1194.3
11271,1189.6,1193.6
11272,1188.9,1193.9
11273,1187.3,1192.3
11274,1187.6,1192.6
11275,1189.5,1193.5
11276,1189.9,1193.9
11277,1189.8,1201.8
11278,1198.6,1202.6
11279,1198.3,1202.3
11280,1198.8,1202.8
11281,1197.4,1202.4
11282,1196.9,1200.9
11283,1196.5,1200.5
11284,1197.1,1201.1
11285,1197.0,1201.0
11286,1195.2,1200.2
11287,1195.6,1199.6
11288,1195.6,1199.6
11289,1195.3,1199.3
11290,1195.3,1199.3
11291,1195.3,1199.3
11292,1195.3,1199.3
11293,1195.3,1200.3
11294,1196.5,1200.5
11295,1197.2,1201.2
11296,1198.2,1204.2
11297,1200.2,1204.2
11298,1200.3,1204.3
11299,1200.2,1205.2
11300,1200.1,1207.1
11301,1203.5,1207.5
11302,1202.0,1208.0
11303,1200.5,1206.5
11304,1201.3,1206.3
11305,1199.8,1206.8
11306,1199.3,1203.3
11307,1199.8,1203.8
11308,1197.8,1203.8
11309,1198.3,1202.3
11310,1197.1,1203.1
11311,1195.3,1200.3
11312,1195.3,1199.3
11313,1195.3,1199.3
11314,1194.3,1199.3
11315,1193.7,1197.7
11316,1193.2,1197.2
11317,1193.8,1198.8
11318,1195.2,1200.2
11319,1196.2,1200.2
11320,1196.2,1201.2
11321,1197.6,1201.6
11322,1196.8,1200.8
11323,1196.8,1200.8
11324,1197.0,1201.0
11325,1196.2,1200.2
11326,1196.3,1201.3
11327,1196.0,1202.0
11328,1194.4,1199.4
11329,1194.3,1198.3
11330,1194.3,1198.3
11331,1194.3,1198.3
11332,1194.8,1198.8
11333,1194.8,1198.8
11334,1194.3,1198.3
11335,1194.4,1199.4
11336,1191.4,1199.4
11337,1191.0,1195.0
11338,1188.8,1195.8
11339,1188.3,1192.3
11340,1188.4,1192.4
11341,1188.4,1194.4
11342,1187.9,1193.9
11343,1187.1,1191.1
11344,1184.0,1191.0
11345,1183.6,1187.6
11346,1182.1,1188.1
11347,1182.0,1186.0
11348,1182.5,1188.5
11349,1183.6,1188.6
11350,1176.0,1187.0
11351,1175.8,1180.8
11352,1177.5,1181.5
11353,1178.0,1182.0
11354,1178.1,1182.1
11355,1178.1,1182.1
11356,1177.8,1182.8
11357,1179.0,1183.0
11358,1179.2,1183.2
11359,1179.6,1183.6
11360,1179.8,1183.8
11361,1179.8,1184.8
11362,1181.3,1185.3
11363,1181.3,1187.3
11364,1183.6,1187.6
11365,1182.6,1187.6
11366,1182.0,1186.0
11367,1180.0,1186.0
11368,1179.1,1184.1
11369,1180.4,1184.4
11370,1180.5,1184.5
11371,1181.1,1185.1
11372,1180.6,1186.6
11373,1182.8,1187.8
11374,1184.0,1188.0
11375,1184.2,1188.2
11376,1184.3,1190.3
11377,1185.5,1189.5
11378,1185.3,1189.3
11379,1184.6,1188.6
11380,1184.8,1188.8
11381,1184.8,1188.8
11382,1184.4,1188.4
11383,1184.5,1189.5
11384,1186.3,1190.3
11385,1186.3,1191.3
11386,1187.5,1194.5
11387,1191.3,1195.3
11388,1191.2,1195.2
11389,1190.0,1196.0
11390,1189.1,1193.1
11391,1188.8,1197.8
11392,1193.3,1197.3
11393,1193.3,1200.3
11394,1196.3,1200.3
11395,1196.1,1200.1
11396,1196.1,1201.1
11397,1197.9,1202.9
11398,1197.0,1203.0
11399,1196.4,1201.4
11400,1197.6,1201.6
11401,1197.8,1201.8
11402,1197.8,1201.8
11403,1197.2,1201.2
11404,1197.6,1201.6
11405,1197.6,1201.6
11406,1195.8,1200.8
11407,1195.6,1199.6
11408,1195.5,1199.5
11409,1195.5,1199.5
11410,1195.8,1199.8
11411,1196.4,1203.4
11412,1198.6,1203.6
11413,1198.1,1202.1
11414,1198.1,1202.1
11415,1198.1,1202.1
11416,1198.1,1202.1
11417,1198.0,1203.0
11418,1199.9,1203.9
11419,1200.0,1204.0
11420,1198.7,1204.7
11421,1198.5,1204.5
11422,1200.8,1204.8
11423,1201.2,1205.2
11424,1202.0,1206.0
11425,1202.0,1208.0
11426,1204.5,1208.5
11427,1205.1,1209.1
11428,1205.0,1209.0
11429,1204.4,1208.4
11430,1204.4,1208.4
11431,1204.4,1208.4
11432,1204.1,1208.1
11433,1203.8,1207.8
11434,1201.8,1207.8
11435,1201.8,1205.8
11436,1201.4,1205.4
11437,1201.4,1208.4
11438,1204.4,1208.4
11439,1204.6,1208.6
11440,1200.9,1207.9
11441,1196.0,1205.0
11442,1195.8,1199.8
11443,1195.9,1199.9
11444,1195.9,1199.9
11445,1195.4,1199.4
11446,1195.5,1199.5
11447,1195.2,1199.2
11448,1194.7,1198.7
11449,1190.1,1198.1
11450,1189.2,1193.2
11451,1189.2,1193.2
11452,1189.2,1193.2
11453,1189.2,1194.2
11454,1189.3,1193.3
11455,1189.2,1196.2
11456,1192.8,1196.8
11457,1193.0,1197.0
11458,1189.8,1196.8
11459,1189.8,1193.8
11460,1190.7,1194.7
11461,1190.3,1195.3
11462,1191.5,1195.5
11463,1191.8,1195.8
11464,1192.0,1197.0
11465,1190.5,1197.5
11466,1190.3,1194.3
11467,1190.3,1198.3
11468,1194.5,1198.5
11469,1195.2,1199.2
11470,1193.8,1198.8
11471,1192.3,1197.3
11472,1191.6,1196.6
11473,1191.3,1195.3
11474,1192.2,1197.2
11475,1193.8,1197.8
11476,1193.8,1198.8
11477,1188.1,1199.1
11478,1186.4,1191.4
11479,1186.0,1190.0
11480,1185.9,1189.9
11481,1186.1,1190.1
11482,1186.2,1190.2
11483,1180.0,1190.0
11484,1179.2,1183.2
11485,1179.4,1185.4
11486,1182.0,1186.0
11487,1182.0,1186.0
11488,1182.0,1186.0
11489,1181.8,1186.8
11490,1183.0,1187.0
11491,1179.3,1187.3
11492,1178.9,1182.9
11493,1177.5,1182.5
11494,1177.4,1181.4
11495,1177.4,1182.4
11496,1177.6,1182.6
11497,1177.2,1181.2
11498,1175.2,1182.2
11499,1177.0,1183.0
11500,1179.3,1183.3
11501,1177.5,1182.5
11502,1177.2,1181.2
11503,1177.3,1182.3
11504,1178.3,1182.3
11505,1177.3,1182.3
11506,1176.5,1180.5
11507,1177.4,1183.4
11508,1178.6,1182.6
11509,1178.8,1182.8
11510,1178.7,1183.7
11511,1178.2,1183.2
11512,1179.9,1184.9
11513,1177.2,1185.2
11514,1177.0,1181.0
11515,1176.4,1180.4
11516,1176.6,1184.6
11517,1181.0,1186.0
11518,1182.4,1190.4
11519,1187.2,1191.2
11520,1187.2,1192.2
11521,1187.0,1193.0
11522,1186.8,1190.8
11523,1187.0,1191.0
11524,1187.2,1191.2
11525,1187.6,1191.6
11526,1184.6,1191.6
11527,1184.3,1188.3
11528,1182.4,1188.4
11529,1181.8,1185.8
11530,1181.8,1185.8
11531,1181.8,1185.8
11532,1181.0,1185.0
11533,1180.5,1186.5
11534,1181.8,1187.8
11535,1183.8,1187.8
11536,1183.8,1187.8
11537,1184.0,1188.0
11538,1183.9,1188.9
11539,1183.4,1187.4
11540,1183.0,1187.0
11541,1183.0,1187.0
11542,1183.0,1187.0
11543,1181.0,1187.0
11544,1178.5,1185.5
11545,1178.2,1183.2
11546,1180.0,1184.0
11547,1180.0,1184.0
11548,1180.5,1184.5
11549,1180.5,1184.5
11550,1180.4,1184.4
11551,1180.5,1184.5
11552,1181.2,1185.2
11553,1181.3,1185.3
11554,1181.3,1185.3
11555,1181.3,1188.3
11556,1185.2,1189.2
11557,1185.5,1189.5
11558,1185.3,1189.3
11559,1185.5,1192.5
11560,1189.0,1200.0
11561,1191.8,1200.8
11562,1191.9,1195.9
11563,1190.1,1196.1
11564,1190.0,1194.0
11565,1189.0,1194.0
11566,1188.2,1193.2
11567,1189.2,1193.2
11568,1189.2,1195.2
11569,1190.2,1195.2
11570,1190.0,1194.0
11571,1190.0,1195.0
11572,1191.5,1195.5
11573,1191.2,1195.2
11574,1190.9,1196.9
11575,1192.0,1196.0
11576,1191.6,1195.6
11577,1191.5,1195.5
11578,1190.2,1195.2
11579,1189.8,1193.8
11580,1189.3,1194.3
11581,1190.4,1194.4
11582,1191.0,1199.0
11583,1195.5,1199.5
11584,1194.8,1198.8
11585,1193.8,1198.8
11586,1193.8,1197.8
11587,1193.8,1197.8
11588,1193.2,1197.2
11589,1193.2,1197.2
11590,1193.2,1197.2
11591,1192.3,1197.3
11592,1192.2,1196.2
11593,1190.4,1195.4
11594,1189.5,1193.5
11595,1188.2,1193.2
11596,1187.5,1191.5
11597,1186.5,1191.5
11598,1186.3,1191.3
11599,1186.8,1190.8
11600,1186.9,1190.9
11601,1186.0,1190.0
11602,1185.9,1189.9
11603,1185.9,1189.9
11604,1185.5,1189.5
11605,1185.4,1189.4
11606,1185.4,1189.4
11607,1185.8,1189.8
11608,1185.6,1189.6
11609,1182.8,1189.8
11610,1183.7,1188.7
11611,1184.8,1188.8
11612,1184.8,1188.8
11613,1184.4,1189.4
11614,1184.2,1188.2
11615,1184.3,1188.3
11616,1183.6,1188.6
11617,1185.5,1189.5
11618,1185.6,1193.6
11619,1189.6,1193.6
11620,1190.0,1194.0
11621,1189.0,1193.0
11622,1188.4,1193.4
11623,1189.8,1193.8
11624,1189.6,1193.6
11625,1190.4,1194.4
11626,1190.5,1194.5
11627,1190.0,1195.0
11628,1189.1,1193.1
11629,1188.2,1192.2
11630,1188.0,1192.0
11631,1186.5,1191.5
11632,1186.3,1191.3
11633,1187.8,1191.8
11634,1187.6,1191.6
11635,1187.8,1191.8
11636,1187.2,1191.2
11637,1187.5,1191.5
11638,1187.5,1192.5
11639,1188.7,1192.7
11640,1189.0,1193.0
11641,1188.2,1193.2
11642,1188.0,1192.0
11643,1187.2,1191.2
11644,1187.3,1193.3
11645,1188.5,1193.5
11646,1189.0,1193.0
11647,1189.5,1193.5
11648,1188.5,1193.5
11649,1187.0,1192.0
11650,1187.0,1191.0
11651,1187.0,1193.0
11652,1189.8,1193.8
11653,1187.7,1193.7
11654,1186.8,1190.8
11655,1186.2,1190.2
11656,1186.0,1191.0
11657,1183.2,1189.2
11658,1183.0,1188.0
11659,1184.7,1188.7
11660,1184.6,1188.6
11661,1185.3,1189.3
11662,1185.3,1190.3
11663,1187.2,1192.2
11664,1188.5,1193.5
11665,1189.6,1194.6
11666,1190.2,1200.2
11667,1195.8,1201.8
11668,1197.0,1201.0
11669,1196.4,1200.4
11670,1196.4,1200.4
11671,1196.3,1202.3
11672,1198.6,1203.6
11673,1199.7,1203.7
11674,1198.9,1202.9
11675,1198.9,1204.9
11676,1201.2,1205.2
11677,1200.8,1206.8
11678,1203.7,1207.7
11679,1203.7,1207.7
11680,1202.0,1208.0
11681,1201.8,1205.8
11682,1198.2,1206.2
11683,1196.4,1201.4
11684,1195.4,1199.4
11685,1195.5,1199.5
11686,1195.5,1199.5
11687,1195.8,1199.8
11688,1196.3,1200.3
11689,1194.4,1200.4
11690,1193.6,1197.6
11691,1194.0,1198.0
11692,1193.2,1198.2
11693,1193.8,1198.8
11694,1195.0,1203.0
11695,1199.3,1203.3
11696,1199.5,1203.5
11697,1199.8,1203.8
11698,1196.2,1203.2
11699,1196.2,1200.2
11700,1196.2,1200.2
11701,1196.6,1200.6
11702,1196.7,1202.7
11703,1194.7,1202.7
11704,1194.2,1199.2
11705,1196.0,1200.0
11706,1196.3,1201.3
11707,1197.6,1201.6
11708,1197.4,1201.4
11709,1198.3,1202.3
11710,1198.2,1202.2
11711,1197.2,1202.2
11712,1195.0,1201.0
11713,1192.7,1198.7
11714,1192.5,1197.5
11715,1193.8,1197.8
11716,1193.4,1197.4
11717,1193.4,1197.4
11718,1193.6,1197.6
11719,1193.3,1197.3
11720,1192.8,1196.8
11721,1192.8,1196.8
11722,1192.6,1196.6
11723,1192.9,1196.9
11724,1192.8,1196.8
11725,1192.8,1196.8
11726,1192.2,1196.2
11727,1191.0,1197.0
11728,1192.0,1196.0
11729,1191.2,1195.2
11730,1189.2,1195.2
11731,1187.6,1192.6
11732,1187.5,1191.5
11733,1187.3,1191.3
11734,1187.7,1191.7
11735,1187.8,1191.8
11736,1187.8,1191.8
11737,1183.8,1191.8
11738,1182.6,1187.6
11739,1182.6,1186.6
11740,1182.6,1186.6
11741,1182.3,1186.3
11742,1182.8,1187.8
11743,1183.8,1187.8
11744,1181.7,1187.7
11745,1181.4,1185.4
11746,1182.3,1186.3
11747,1182.3,1186.3
11748,1182.6,1186.6
11749,1179.9,1186.9
11750,1179.2,1183.2
11751,1179.2,1183.2
11752,1179.3,1183.3
11753,1179.3,1183.3
11754,1180.0,1184.0
11755,1179.2,1183.2
11756,1179.2,1183.2
11757,1178.2,1184.2
11758,1179.7,1183.7
11759,1176.3,1183.3
11760,1176.2,1180.2
11761,1175.3,1180.3
11762,1176.5,1180.5
11763,1176.2,1180.2
11764,1176.8,1180.8
11765,1176.6,1180.6
11766,1177.2,1181.2
11767,1177.0,1182.0
11768,1178.2,1182.2
11769,1178.2,1182.2
11770,1176.2,1182.2
11771,1175.3,1179.3
11772,1175.0,1179.0
11773,1175.2,1179.2
11774,1175.2,1179.2
11775,1175.2,1181.2
11776,1178.0,1182.0
11777,1178.6,1182.6
11778,1178.3,1182.3
11779,1178.4,1182.4
11780,1179.0,1183.0
11781,1179.0,1183.0
11782,1178.9,1182.9
11783,1178.8,1185.8
11784,1182.0,1187.0
11785,1183.4,1187.4
11786,1183.2,1187.2
11787,1182.8,1186.8
11788,1183.2,1187.2
11789,1183.5,1187.5
11790,1183.3,1187.3
11791,1182.5,1187.5
11792,1182.8,1187.8
11793,1182.2,1186.2
11794,1182.3,1186.3
11795,1180.2,1186.2
11796,1180.0,1184.0
11797,1180.4,1184.4
11798,1179.6,1183.6
11799,1179.6,1183.6
11800,1179.5,1183.5
11801,1179.2,1183.2
11802,1176.3,1183.3
11803,1176.0,1180.0
11804,1176.3,1180.3
11805,1176.5,1181.5
11806,1176.5,1181.5
11807,1176.5,1180.5
11808,1175.9,1179.9
11809,1175.4,1179.4
11810,1175.5,1179.5
11811,1175.2,1180.2
11812,1174.9,1179.9
11813,1174.7,1178.7
11814,1172.8,1178.8
11815,1173.6,1177.6
11816,1173.3,1178.3
11817,1173.4,1177.4
11818,1174.1,1179.1
11819,1175.4,1179.4
11820,1170.6,1179.6
11821,1171.2,1175.2
11822,1170.8,1175.8
11823,1171.5,1175.5
11824,1170.5,1175.5
11825,1170.3,1174.3
11826,1170.0,1174.0
11827,1169.2,1176.2
11828,1171.2,1176.2
11829,1172.4,1176.4
11830,1168.4,1176.4
11831,1168.3,1173.3
11832,1169.9,1173.9
11833,1169.5,1173.5
11834,1170.0,1174.0
11835,1170.0,1174.0
11836,1170.2,1174.2
11837,1169.4,1173.4
11838,1167.0,1173.0
11839,1166.4,1170.4
11840,1166.5,1170.5
11841,1166.0,1170.0
11842,1166.7,1170.7
11843,1166.5,1170.5
11844,1166.8,1171.8
11845,1168.3,1172.3
11846,1168.3,1172.3
11847,1168.2,1172.2
11848,1167.3,1171.3
11849,1167.2,1171.2
11850,1166.2,1171.2
11851,1166.5,1170.5
11852,1166.1,1170.1
11853,1166.3,1170.3
11854,1166.7,1170.7
11855,1166.8,1170.8
11856,1166.2,1170.2
11857,1159.2,1170.2
11858,1159.0,1164.0
11859,1160.8,1164.8
11860,1160.0,1165.0
11861,1159.2,1163.2
11862,1159.2,1163.2
11863,1158.9,1162.9
11864,1158.8,1162.8
11865,1157.8,1161.8
11866,1158.6,1165.6
11867,1162.4,1166.4
11868,1162.6,1166.6
11869,1163.0,1167.0
11870,1163.3,1171.3
11871,1167.3,1171.3
11872,1168.0,1172.0
11873,1168.3,1173.3
11874,1167.3,1173.3
11875,1164.9,1170.9
11876,1164.0,1168.0
11877,1164.0,1168.0
11878,1163.5,1167.5
11879,1162.1,1168.1
11880,1162.0,1166.0
11881,1161.2,1165.2
11882,1161.1,1165.1
11883,1160.4,1165.4
11884,1160.2,1164.2
11885,1160.4,1164.4
11886,1156.2,1165.2
11887,1156.2,1160.2
11888,1156.2,1160.2
11889,1156.6,1160.6
11890,1156.3,1160.3
11891,1156.3,1160.3
11892,1155.4,1160.4
11893,1156.5,1160.5
11894,1156.6,1160.6
11895,1157.5,1161.5
11896,1157.5,1162.5
11897,1158.8,1162.8
11898,1159.0,1163.0
11899,1158.6,1163.6
11900,1159.8,1163.8
11901,1160.3,1165.3
11902,1161.4,1165.4
11903,1161.4,1166.4
11904,1158.0,1167.0
11905,1159.0,1163.0
11906,1159.0,1163.0
11907,1158.8,1162.8
11908,1157.9,1162.9
11909,1159.7,1163.7
11910,1159.0,1163.0
11911,1159.1,1163.1
11912,1158.6,1163.6
11913,1158.4,1162.4
11914,1158.8,1162.8
11915,1159.2,1164.2
11916,1159.2,1164.2
11917,1158.8,1162.8
11918,1158.0,1164.0
11919,1158.1,1164.1
11920,1158.4,1162.4
11921,1158.3,1162.3
11922,1158.1,1162.1
11923,1158.2,1162.2
11924,1158.2,1163.2
11925,1159.5,1163.5
11926,1160.4,1165.4
11927,1161.4,1165.4
11928,1161.5,1165.5
11929,1156.5,1165.5
11930,1155.8,1159.8
11931,1155.8,1159.8
11932,1156.2,1160.2
11933,1156.2,1160.2
11934,1156.6,1160.6
11935,1156.0,1160.0
11936,1155.2,1159.2
11937,1155.7,1159.7
11938,1152.8,1159.8
11939,1152.8,1156.8
11940,1152.3,1159.3
11941,1154.4,1160.4
11942,1155.6,1162.6
11943,1159.1,1163.1
11944,1158.5,1162.5
11945,1158.7,1162.7
11946,1159.2,1163.2
11947,1159.0,1163.0
11948,1158.4,1163.4
11949,1157.8,1162.8
11950,1159.0,1164.0
11951,1159.8,1165.8
11952,1160.8,1165.8
11953,1160.6,1164.6
11954,1161.3,1165.3
11955,1161.5,1166.5
11956,1163.0,1169.0
11957,1165.3,1169.3
11958,1165.5,1169.5
11959,1164.2,1169.2
11960,1163.3,1167.3
11961,1161.4,1166.4
11962,1161.4,1166.4
11963,1162.8,1166.8
11964,1162.6,1167.6
11965,1160.6,1165.6
11966,1157.8,1165.8
11967,1159.0,1163.0
11968,1159.0,1165.0
11969,1160.0,1165.0
11970,1160.0,1164.0
11971,1160.0,1164.0
11972,1160.7,1166.7
11973,1163.3,1167.3
11974,1162.6,1167.6
11975,1162.5,1166.5
11976,1162.3,1166.3
11977,1161.6,1165.6
11978,1161.6,1166.6
11979,1163.0,1168.0
11980,1162.3,1168.3
11981,1160.2,1166.2
11982,1160.1,1164.1
11983,1160.3,1164.3
11984,1160.3,1164.3
11985,1160.2,1164.2
11986,1159.6,1163.6
11987,1159.0,1163.0
11988,1159.4,1163.4
11989,1158.8,1162.8
11990,1156.7,1162.7
11991,1156.0,1160.0
11992,1156.0,1160.0
11993,1155.0,1162.0
11994,1157.2,1162.2
11995,1158.3,1162.3
11996,1158.1,1162.1
11997,1158.0,1162.0
11998,1158.0,1162.0
11999,1157.6,1161.6
12000,1157.6,1161.6
12001,1157.5,1161.5
12002,1157.0,1161.0
12003,1156.6,1161.6
12004,1157.6,1161.6
12005,1157.2,1162.2
12006,1156.6,1160.6
12007,1156.2,1160.2
12008,1156.4,1162.4
12009,1159.0,1167.0
12010,1163.8,1168.8
12011,1165.3,1169.3
12012,1166.1,1170.1
12013,1165.7,1169.7
12014,1165.4,1169.4
12015,1164.9,1168.9
12016,1163.8,1169.8
12017,1163.8,1168.8
12018,1159.0,1167.0
12019,1157.4,1162.4
12020,1157.4,1161.4
12021,1156.6,1160.6
12022,1157.2,1162.2
12023,1155.3,1162.3
12024,1154.2,1159.2
12025,1153.0,1158.0
12026,1150.5,1156.5
12027,1149.7,1153.7
12028,1149.8,1153.8
12029,1150.5,1154.5
12030,1150.6,1159.6
12031,1156.4,1160.4
12032,1156.6,1160.6
12033,1156.4,1160.4
12034,1157.2,1161.2
12035,1157.0,1162.0
12036,1158.0,1162.0
12037,1157.3,1161.3
12038,1157.4,1161.4
12039,1157.4,1161.4
12040,1156.5,1160.5
12041,1154.8,1159.8
12042,1155.3,1159.3
12043,1154.6,1158.6
12044,1152.4,1159.4
12045,1152.0,1156.0
12046,1152.6,1156.6
12047,1153.4,1157.4
12048,1153.5,1157.5
12049,1153.5,1157.5
12050,1153.4,1157.4
12051,1153.6,1157.6
12052,1153.8,1157.8
12053,1153.2,1157.2
12054,1153.3,1157.3
12055,1154.2,1158.2
12056,1154.8,1158.8
12057,1154.8,1158.8
12058,1153.6,1158.6
12059,1153.2,1157.2
12060,1152.4,1156.4
12061,1153.2,1157.2
12062,1153.0,1158.0
12063,1152.9,1156.9
12064,1153.0,1157.0
12065,1153.8,1157.8
12066,1152.8,1157.8
12067,1154.0,1158.0
12068,1154.0,1158.0
12069,1154.3,1158.3
12070,1155.0,1161.0
12071,1156.7,1161.7
12072,1156.6,1160.6
12073,1156.4,1160.4
12074,1156.4,1160.4
12075,1154.7,1159.7
12076,1154.0,1158.0
12077,1152.7,1158.7
12078,1152.2,1156.2
12079,1153.0,1157.0
12080,1153.1,1157.1
12081,1153.2,1157.2
12082,1151.2,1157.2
12083,1151.2,1155.2
12084,1151.2,1155.2
12085,1150.6,1155.6
12086,1149.8,1155.8
12087,1149.8,1153.8
12088,1148.8,1153.8
12089,1148.2,1152.2
12090,1147.4,1151.4
12091,1146.4,1152.4
12092,1145.2,1151.2
12093,1144.5,1149.5
12094,1144.6,1149.6
12095,1142.9,1148.9
12096,1142.6,1147.6
12097,1143.6,1148.6
12098,1144.6,1151.6
12099,1148.3,1152.3
12100,1147.4,1152.4
12101,1147.8,1151.8
12102,1148.2,1153.2
12103,1150.0,1154.0
12104,1150.4,1154.4
12105,1150.3,1155.3
12106,1149.5,1153.5
12107,1149.5,1153.5
12108,1148.3,1153.3
12109,1147.4,1153.4
12110,1149.5,1153.5
12111,1149.2,1153.2
12112,1149.8,1153.8
12113,1149.8,1153.8
12114,1150.4,1154.4
12115,1150.5,1154.5
12116,1151.0,1155.0
12117,1151.5,1155.5
12118,1152.2,1159.2
12119,1156.0,1160.0
12120,1155.8,1159.8
12121,1154.9,1159.9
12122,1154.6,1159.6
12123,1154.9,1159.9
12124,1154.5,1158.5
12125,1152.7,1157.7
12126,1152.1,1156.1
12127,1148.2,1156.2
12128,1147.2,1151.2
12129,1146.8,1151.8
12130,1147.1,1151.1
12131,1147.2,1151.2
12132,1147.2,1151.2
12133,1147.3,1151.3
12134,1145.3,1151.3
12135,1144.6,1149.6
12136,1144.1,1148.1
12137,1144.1,1148.1
12138,1144.1,1148.1
12139,1144.5,1148.5
12140,1144.4,1148.4
12141,1144.6,1148.6
12142,1145.4,1151.4
12143,1144.6,1151.6
12144,1144.6,1148.6
12145,1142.4,1148.4
12146,1141.7,1145.7
12147,1141.2,1145.2
12148,1140.4,1144.4
12149,1140.2,1144.2
12150,1140.2,1146.2
12151,1141.5,1145.5
12152,1140.4,1145.4
12153,1139.8,1143.8
12154,1139.3,1143.3
12155,1138.3,1143.3
12156,1138.2,1142.2
12157,1138.2,1142.2
12158,1137.9,1142.9
12159,1138.2,1142.2
12160,1138.2,1142.2
12161,1138.2,1144.2
12162,1139.8,1143.8
12163,1140.0,1144.0
12164,1140.0,1144.0
12165,1132.0,1144.0
12166,1131.7,1135.7
12167,1131.6,1135.6
12168,1132.0,1136.0
12169,1132.7,1136.7
12170,1132.7,1137.7
12171,1134.4,1138.4
12172,1134.3,1138.3
12173,1134.0,1138.0
12174,1133.8,1138.8
12175,1134.9,1138.9
12176,1134.0,1139.0
12177,1133.0,1137.0
12178,1132.8,1136.8
12179,1132.6,1136.6
12180,1133.2,1137.2
12181,1132.0,1138.0
12182,1131.9,1135.9
12183,1131.0,1137.0
12184,1133.4,1137.4
12185,1132.5,1136.5
12186,1132.5,1136.5
12187,1132.3,1139.3
12188,1135.2,1140.2
12189,1136.2,1140.2
12190,1136.2,1140.2
12191,1136.0,1140.0
12192,1136.0,1141.0
12193,1137.1,1141.1
12194,1136.5,1140.5
12195,1136.5,1140.5
12196,1136.8,1140.8
12197,1137.3,1144.3
12198,1141.3,1149.3
12199,1145.9,1149.9
12200,1145.6,1151.6
12201,1148.3,1153.3
12202,1147.5,1153.5
12203,1147.2,1153.2
12204,1147.5,1153.5
12205,1147.0,1152.0
12206,1148.3,1152.3
12207,1147.9,1151.9
12208,1144.4,1151.4
12209,1144.3,1148.3
12210,1144.8,1148.8
12211,1144.0,1149.0
12212,1143.7,1148.7
12213,1144.6,1148.6
12214,1145.0,1150.0
12215,1144.9,1150.9
12216,1144.0,1148.0
12217,1143.8,1147.8
12218,1144.0,1148.0
12219,1144.2,1153.2
12220,1149.3,1153.3
12221,1149.2,1153.2
12222,1149.4,1153.4
12223,1149.7,1153.7
12224,1144.7,1153.7
12225,1144.2,1148.2
12226,1144.9,1148.9
12227,1143.2,1149.2
12228,1143.0,1147.0
12229,1143.0,1147.0
12230,1143.5,1147.5
12231,1143.0,1147.0
12232,1142.3,1146.3
12233,1141.6,1146.6
12234,1140.0,1145.0
12235,1139.2,1143.2
12236,1139.6,1143.6
12237,1139.6,1143.6
12238,1139.0,1143.0
12239,1139.9,1143.9
12240,1139.4,1145.4
12241,1142.3,1146.3
12242,1136.6,1145.6
12243,1135.9,1139.9
12244,1136.1,1142.1
12245,1139.0,1143.0
12246,1139.5,1143.5
12247,1136.4,1143.4
12248,1136.2,1140.2
12249,1136.9,1142.9
12250,1139.0,1143.0
12251,1138.3,1142.3
12252,1137.9,1143.9
12253,1140.5,1144.5
12254,1140.3,1144.3
12255,1139.8,1143.8
12256,1136.0,1143.0
12257,1133.2,1139.2
12258,1132.6,1137.6
12259,1133.4,1139.4
12260,1134.6,1138.6
12261,1134.6,1141.6
12262,1138.2,1142.2
12263,1137.9,1141.9
12264,1136.6,1141.6
12265,1135.8,1141.8
12266,1137.9,1141.9
12267,1137.1,1141.1
12268,1136.2,1140.2
12269,1136.2,1140.2
12270,1134.8,1139.8
12271,1134.2,1138.2
12272,1134.2,1138.2
12273,1134.2,1142.2
12274,1138.7,1142.7
12275,1138.6,1143.6
12276,1140.5,1144.5
12277,1140.5,1144.5
12278,1140.3,1145.3
12279,1141.4,1145.4
12280,1141.2,1145.2
12281,1140.8,1149.8
12282,1146.2,1152.2
12283,1149.0,1154.0
12284,1150.0,1154.0
12285,1150.1,1155.1
12286,1147.4,1155.4
12287,1147.2,1151.2
12288,1146.5,1151.5
12289,1146.6,1150.6
12290,1145.3,1150.3
12291,1145.3,1149.3
12292,1144.7,1149.7
12293,1144.0,1148.0
12294,1139.6,1147.6
12295,1140.1,1145.1
12296,1141.3,1146.3
12297,1142.8,1146.8
12298,1142.8,1147.8
12299,1143.8,1147.8
12300,1144.0,1148.0
12301,1143.7,1147.7
12302,1142.8,1147.8
12303,1143.2,1149.2
12304,1145.9,1149.9
12305,1145.2,1149.2
12306,1144.6,1149.6
12307,1144.6,1148.6
12308,1142.4,1148.4
12309,1140.9,1145.9
12310,1139.1,1144.1
12311,1138.8,1142.8
12312,1139.2,1144.2
12313,1139.5,1144.5
12314,1139.8,1143.8
12315,1140.2,1144.2
12316,1140.3,1144.3
12317,1139.7,1143.7
12318,1132.2,1143.2
12319,1131.1,1136.1
12320,1130.8,1134.8
12321,1130.9,1134.9
12322,1131.2,1135.2
12323,1130.4,1134.4
12324,1130.3,1134.3
12325,1131.0,1135.0
12326,1130.9,1134.9
12327,1130.5,1134.5
12328,1130.5,1134.5
12329,1130.2,1134.2
12330,1129.8,1133.8
12331,1127.9,1133.9
12332,1127.5,1131.5
12333,1127.7,1135.7
12334,1131.9,1135.9
12335,1131.8,1135.8
12336,1132.2,1137.2
12337,1133.6,1137.6
12338,1130.6,1137.6
12339,1128.5,1134.5
12340,1127.8,1131.8
12341,1127.3,1131.3
12342,1127.3,1131.3
12343,1127.8,1131.8
12344,1127.8,1134.8
12345,1130.8,1134.8
12346,1128.0,1134.0
12347,1127.7,1131.7
12348,1127.4,1131.4
12349,1127.1,1131.1
12350,1127.1,1131.1
12351,1124.6,1130.6
12352,1124.1,1129.1
12353,1122.8,1129.8
12354,1122.3,1126.3
12355,1122.2,1130.2
12356,1126.6,1130.6
12357,1126.6,1130.6
12358,1126.6,1131.6
12359,1127.0,1133.0
12360,1128.0,1132.0
12361,1127.0,1132.0
12362,1125.3,1130.3
12363,1122.4,1129.4
12364,1122.0,1126.0
12365,1122.2,1126.2
12366,1122.2,1126.2
12367,1122.2,1126.2
12368,1122.0,1126.0
12369,1121.4,1125.4
12370,1121.3,1125.3
12371,1121.4,1125.4
12372,1120.5,1125.5
12373,1119.6,1123.6
12374,1119.2,1123.2
12375,1117.8,1122.8
12376,1117.8,1121.8
12377,1117.8,1121.8
12378,1117.8,1122.8
12379,1118.8,1122.8
12380,1118.6,1125.6
12381,1122.5,1126.5
12382,1121.4,1126.4
12383,1120.7,1124.7
12384,1121.2,1125.2
12385,1121.2,1125.2
12386,1121.4,1125.4
12387,1121.8,1125.8
12388,1121.8,1125.8
12389,1120.2,1125.2
12390,1119.4,1123.4
12391,1119.4,1123.4
12392,1119.3,1123.3
12393,1118.8,1125.8
12394,1122.5,1126.5
12395,1122.5,1126.5
12396,1122.2,1126.2
12397,1122.2,1126.2
12398,1122.2,1126.2
12399,1121.8,1126.8
12400,1123.1,1127.1
12401,1123.3,1127.3
12402,1122.3,1126.3
12403,1123.1,1127.1
12404,1123.2,1127.2
12405,1122.2,1127.2
12406,1120.4,1125.4
12407,1120.2,1124.2
12408,1120.8,1124.8
12409,1120.8,1124.8
12410,1120.6,1124.6
12411,1119.6,1124.6
12412,1119.5,1123.5
12413,1119.5,1123.5
12414,1119.5,1123.5
12415,1118.9,1122.9
12416,1119.6,1124.6
12417,1120.8,1124.8
12418,1120.8,1124.8
12419,1120.9,1124.9
12420,1120.6,1124.6
12421,1119.5,1125.5
12422,1119.3,1123.3
12423,1119.8,1124.8
12424,1116.6,1125.6
12425,1117.0,1121.0
12426,1116.4,1120.4
12427,1116.0,1120.0
12428,1112.6,1121.6
12429,1115.0,1119.0
12430,1114.6,1120.6
12431,1116.6,1120.6
12432,1116.6,1120.6
12433,1114.8,1120.8
12434,1114.6,1119.6
12435,1116.3,1120.3
12436,1116.0,1122.0
12437,1118.6,1122.6
12438,1119.0,1123.0
12439,1119.5,1123.5
12440,1119.5,1123.5
12441,1119.8,1123.8
12442,1119.4,1123.4
12443,1119.4,1123.4
12444,1119.4,1123.4
12445,1119.6,1123.6
12446,1119.8,1123.8
12447,1119.8,1123.8
12448,1117.5,1123.5
12449,1117.8,1124.8
12450,1121.3,1128.3
12451,1125.0,1129.0
12452,1125.1,1129.1
12453,1120.8,1128.8
12454,1120.8,1124.8
12455,1121.3,1126.3
12456,1123.2,1127.2
12457,1123.2,1127.2
12458,1123.2,1127.2
12459,1122.8,1126.8
12460,1120.4,1126.4
12461,1120.4,1125.4
12462,1121.7,1125.7
12463,1121.9,1125.9
12464,1120.7,1125.7
12465,1119.8,1123.8
12466,1119.9,1123.9
12467,1118.1,1128.1
12468,1123.5,1127.5
12469,1124.0,1129.0
12470,1123.6,1128.6
12471,1123.2,1128.2
12472,1125.0,1129.0
12473,1124.1,1129.1
12474,1123.8,1128.8
12475,1125.4,1133.4
12476,1129.9,1135.9
12477,1132.2,1136.2
12478,1132.2,1136.2
12479,1129.2,1136.2
12480,1128.4,1133.4
12481,1129.8,1133.8
12482,1129.9,1133.9
12483,1123.0,1134.0
12484,1122.3,1127.3
12485,1120.5,1127.5
12486,1117.2,1124.2
12487,1115.9,1120.9
12488,1115.6,1119.6
12489,1114.8,1119.8
12490,1116.5,1120.5
12491,1115.8,1120.8
12492,1115.8,1120.8
12493,1117.2,1122.2
12494,1118.9,1122.9
12495,1118.4,1122.4
12496,1118.4,1122.4
12497,1118.0,1123.0
12498,1119.1,1123.1
12499,1119.0,1123.0
12500,1119.0,1123.0
12501,1117.1,1122.1
12502,1116.5,1120.5
12503,1116.0,1120.0
12504,1115.6,1119.6
12505,1115.6,1123.6
12506,1120.5,1124.5
12507,1120.5,1124.5
12508,1120.6,1124.6
12509,1121.0,1125.0
12510,1121.3,1126.3
12511,1122.0,1126.0
12512,1120.5,1125.5
12513,1120.0,1124.0
12514,1119.4,1124.4
12515,1118.9,1122.9
12516,1118.4,1123.4
12517,1118.7,1122.7
12518,1118.6,1122.6
12519,1118.6,1122.6
12520,1119.3,1123.3
12521,1119.5,1123.5
12522,1119.6,1123.6
12523,1119.6,1125.6
12524,1122.0,1126.0
12525,1121.8,1125.8
12526,1121.9,1125.9
12527,1122.3,1128.3
12528,1121.5,1128.5
12529,1121.3,1127.3
12530,1123.6,1127.6
12531,1123.5,1128.5
12532,1124.9,1128.9
12533,1124.9,1128.9
12534,1125.4,1129.4
12535,1124.8,1129.8
12536,1124.4,1128.4
12537,1120.4,1128.4
12538,1120.0,1125.0
12539,1120.3,1125.3
12540,1121.5,1125.5
12541,1121.7,1125.7
12542,1120.1,1125.1
12543,1120.2,1124.2
12544,1121.0,1125.0
12545,1121.0,1125.0
12546,1121.2,1125.2
12547,1120.8,1124.8
12548,1120.7,1127.7
12549,1123.8,1127.8
12550,1123.3,1127.3
12551,1120.2,1127.2
12552,1119.5,1123.5
12553,1120.4,1124.4
12554,1121.1,1125.1
12555,1120.2,1124.2
12556,1120.3,1124.3
12557,1120.5,1124.5
12558,1121.0,1125.0
12559,1121.5,1126.5
12560,1123.0,1127.0
12561,1123.8,1127.8
12562,1124.0,1128.0
12563,1123.1,1127.1
12564,1123.2,1127.2
12565,1123.8,1127.8
12566,1123.7,1127.7
12567,1123.2,1127.2
12568,1122.2,1127.2
12569,1121.2,1126.2
12570,1120.3,1125.3
12571,1121.8,1125.8
12572,1122.8,1126.8
12573,1121.1,1126.1
12574,1120.5,1124.5
12575,1121.0,1125.0
12576,1121.0,1125.0
12577,1121.2,1128.2
12578,1124.3,1128.3
12579,1124.2,1128.2
12580,1124.3,1128.3
12581,1123.5,1127.5
12582,1124.2,1128.2
12583,1122.2,1128.2
12584,1122.2,1126.2
12585,1120.0,1126.0
12586,1118.4,1124.4
12587,1118.3,1122.3
12588,1116.7,1121.7
12589,1116.1,1120.1
12590,1116.9,1120.9
12591,1117.2,1121.2
12592,1116.5,1121.5
12593,1117.5,1121.5
12594,1118.1,1122.1
12595,1117.4,1121.4
12596,1114.3,1123.3
12597,1117.0,1121.0
12598,1117.4,1123.4
12599,1116.7,1122.7
12600,1117.3,1122.3
12601,1118.6,1122.6
12602,1117.6,1121.6
12603,1117.4,1122.4
12604,1118.6,1122.6
12605,1119.3,1123.3
12606,1118.2,1123.2
12607,1118.0,1124.0
12608,1119.2,1124.2
12609,1119.0,1123.0
12610,1117.2,1122.2
12611,1116.8,1121.8
12612,1116.2,1120.2
12613,1116.1,1120.1
12614,1117.0,1126.0
12615,1122.2,1126.2
12616,1120.0,1126.0
12617,1119.4,1125.4
12618,1122.0,1126.0
12619,1122.3,1126.3
12620,1122.3,1127.3
12621,1122.4,1127.4
12622,1122.3,1126.3
12623,1123.0,1127.0
12624,1121.2,1126.2
12625,1120.9,1126.9
12626,1123.0,1127.0
12627,1120.2,1127.2
12628,1120.0,1124.0
12629,1118.2,1123.2
12630,1117.8,1121.8
12631,1115.2,1121.2
12632,1114.4,1118.4
12633,1113.6,1117.6
12634,1111.8,1117.8
12635,1111.4,1115.4
12636,1110.8,1115.8
12637,1110.5,1114.5
12638,1110.6,1114.6
12639,1111.4,1115.4
12640,1110.0,1115.0
12641,1107.6,1113.6
12642,1107.6,1111.6
12643,1107.5,1111.5
12644,1107.6,1112.6
12645,1109.2,1113.2
12646,1109.2,1113.2
12647,1108.0,1113.0
12648,1107.8,1111.8
12649,1107.8,1111.8
12650,1107.8,1111.8
12651,1107.7,1111.7
12652,1107.4,1111.4
12653,1107.5,1111.5
12654,1107.9,1115.9
12655,1112.0,1119.0
12656,1115.2,1119.2
12657,1114.8,1118.8
12658,1114.0,1118.0
12659,1114.2,1118.2
12660,1112.8,1117.8
12661,1112.8,1116.8
12662,1113.5,1117.5
12663,1113.5,1117.5
12664,1113.5,1117.5
12665,1112.5,1118.5
12666,1115.1,1119.1
12667,1115.6,1119.6
12668,1115.6,1121.6
12669,1117.7,1121.7
12670,1117.8,1121.8
12671,1117.4,1122.4
12672,1118.8,1124.8
12673,1121.0,1125.0
12674,1121.1,1126.1
12675,1122.8,1126.8
12676,1122.8,1126.8
12677,1122.1,1126.1
12678,1122.7,1126.7
12679,1122.3,1126.3
12680,1122.1,1126.1
12681,1122.4,1126.4
12682,1121.2,1126.2
12683,1120.0,1126.0
12684,1120.0,1124.0
12685,1120.3,1124.3
12686,1120.8,1126.8
12687,1123.4,1127.4
12688,1123.7,1127.7
12689,1123.6,1128.6
12690,1123.6,1128.6
12691,1124.9,1128.9
12692,1125.8,1129.8
12693,1126.5,1130.5
12694,1126.8,1132.8
12695,1129.5,1133.5
12696,1129.9,1134.9
12697,1131.5,1135.5
12698,1130.8,1135.8
12699,1132.4,1136.4
12700,1132.4,1136.4
12701,1132.4,1136.4
12702,1131.7,1136.7
12703,1133.0,1137.0
12704,1133.0,1138.0
12705,1134.2,1138.2
12706,1133.7,1137.7
12707,1133.6,1137.6
12708,1133.6,1139.6
12709,1135.6,1139.6
12710,1135.5,1139.5
12711,1136.0,1140.0
12712,1136.8,1140.8
12713,1136.8,1142.8
12714,1139.2,1144.2
12715,1139.8,1144.8
12716,1138.8,1143.8
12717,1137.8,1142.8
12718,1136.2,1141.2
12719,1135.7,1139.7
12720,1136.2,1140.2
12721,1135.5,1139.5
12722,1134.4,1139.4
12723,1134.4,1138.4
12724,1133.8,1138.8
12725,1131.2,1137.2
12726,1130.2,1134.2
12727,1124.3,1134.3
12728,1124.2,1128.2
12729,1123.9,1128.9
12730,1125.6,1129.6
12731,1125.0,1129.0
12732,1124.3,1128.3
12733,1122.0,1129.0
12734,1122.8,1126.8
12735,1121.8,1126.8
12736,1118.3,1125.3
12737,1118.3,1122.3
12738,1117.3,1122.3
12739,1117.0,1122.0
12740,1118.2,1124.2
12741,1120.2,1124.2
12742,1118.6,1123.6
12743,1117.7,1122.7
12744,1117.3,1121.3
12745,1117.8,1121.8
12746,1118.1,1123.1
12747,1119.3,1123.3
12748,1119.2,1123.2
12749,1119.2,1123.2
12750,1119.2,1125.2
12751,1120.4,1125.4
12752,1120.0,1124.0
12753,1120.0,1124.0
12754,1119.7,1123.7
12755,1117.9,1122.9
12756,1117.2,1121.2
12757,1117.5,1121.5
12758,1118.2,1122.2
12759,1118.2,1122.2
12760,1118.0,1122.0
12761,1117.7,1121.7
12762,1118.0,1122.0
12763,1118.5,1122.5
12764,1118.7,1122.7
12765,1119.3,1123.3
12766,1118.4,1122.4
12767,1118.3,1122.3
12768,1117.0,1123.0
12769,1117.6,1121.6
12770,1116.9,1121.9
12771,1116.3,1121.3
12772,1116.3,1120.3
12773,1115.3,1120.3
12774,1114.8,1118.8
12775,1114.8,1118.8
12776,1114.3,1118.3
12777,1114.2,1118.2
12778,1113.2,1118.2
12779,1114.6,1118.6
12780,1114.4,1118.4
12781,1113.5,1117.5
12782,1111.6,1116.6
12783,1111.5,1115.5
12784,1111.6,1116.6
12785,1113.4,1117.4
12786,1114.1,1118.1
12787,1115.0,1119.0
12788,1114.3,1119.3
12789,1113.0,1118.0
12790,1113.0,1117.0
12791,1113.6,1118.6
12792,1115.0,1119.0
12793,1114.9,1118.9
12794,1114.9,1118.9
12795,1114.6,1118.6
12796,1112.4,1119.4
12797,1112.2,1116.2
12798,1111.9,1116.9
12799,1111.9,1116.9
12800,1111.2,1115.2
12801,1111.2,1115.2
12802,1111.0,1115.0
12803,1111.3,1115.3
12804,1112.0,1116.0
12805,1112.1,1116.1
12806,1112.6,1116.6
12807,1112.5,1117.5
12808,1113.8,1117.8
12809,1113.5,1118.5
12810,1115.4,1119.4
12811,1112.9,1119.9
12812,1113.6,1117.6
12813,1113.5,1117.5
12814,1113.9,1117.9
12815,1113.0,1117.0
12816,1113.2,1117.2
12817,1113.2,1117.2
12818,1112.9,1117.9
12819,1112.8,1116.8
12820,1112.8,1116.8
12821,1112.4,1116.4
12822,1112.2,1116.2
12823,1112.0,1116.0
12824,1111.2,1117.2
12825,1113.5,1117.5
12826,1113.5,1117.5
12827,1113.5,1117.5
12828,1113.3,1117.3
12829,1112.1,1117.1
12830,1112.2,1116.2
12831,1111.4,1115.4
12832,1111.5,1115.5
12833,1111.5,1115.5
12834,1105.6,1115.6
12835,1103.5,1109.5
12836,1103.0,1107.0
12837,1103.3,1109.3
12838,1105.5,1109.5
12839,1105.5,1109.5
12840,1104.7,1110.7
12841,1105.5,1109.5
12842,1105.0,1109.0
12843,1105.5,1109.5
12844,1105.6,1110.6
12845,1105.7,1110.7
12846,1104.8,1108.8
12847,1104.5,1108.5
12848,1104.5,1108.5
12849,1104.5,1108.5
12850,1104.3,1108.3
12851,1104.3,1109.3
12852,1105.5,1109.5
12853,1105.3,1110.3
12854,1104.5,1109.5
12855,1104.6,1109.6
12856,1104.8,1110.8
12857,1105.8,1109.8
12858,1106.4,1110.4
12859,1104.2,1111.2
12860,1104.2,1108.2
12861,1103.6,1108.6
12862,1105.0,1111.0
12863,1106.9,1110.9
12864,1106.8,1111.8
12865,1107.6,1112.6
12866,1107.2,1111.2
12867,1106.8,1110.8
12868,1106.6,1110.6
12869,1107.2,1113.2
12870,1109.4,1113.4
12871,1110.0,1114.0
12872,1109.8,1114.8
12873,1109.2,1114.2
12874,1110.2,1114.2
12875,1108.8,1114.8
12876,1108.1,1114.1
12877,1108.0,1114.0
12878,1110.0,1114.0
12879,1110.0,1114.0
12880,1110.2,1114.2
12881,1109.3,1114.3
12882,1109.2,1114.2
12883,1110.2,1114.2
12884,1109.3,1114.3
12885,1110.7,1114.7
12886,1110.6,1115.6
12887,1110.9,1114.9
12888,1110.8,1114.8
12889,1111.0,1119.0
12890,1114.6,1118.6
12891,1115.0,1119.0
12892,1115.0,1119.0
12893,1115.0,1120.0
12894,1114.0,1118.0
12895,1112.4,1117.4
12896,1111.8,1115.8
12897,1111.5,1115.5
12898,1111.8,1115.8
12899,1111.6,1116.6
12900,1111.4,1115.4
12901,1111.4,1115.4
12902,1109.5,1114.5
12903,1109.6,1113.6
12904,1109.2,1113.2
12905,1109.2,1113.2
12906,1108.0,1113.0
12907,1107.8,1111.8
12908,1108.4,1112.4
12909,1108.2,1114.2
12910,1110.3,1114.3
12911,1110.3,1114.3
12912,1110.4,1114.4
12913,1110.3,1114.3
12914,1110.4,1114.4
12915,1110.8,1114.8
12916,1110.2,1114.2
12917,1110.7,1115.7
12918,1111.8,1115.8
12919,1111.3,1115.3
12920,1111.3,1115.3
12921,1111.3,1116.3
12922,1112.6,1116.6
12923,1112.2,1116.2
12924,1111.3,1116.3
12925,1111.3,1115.3
12926,1111.8,1115.8
12927,1111.7,1116.7
12928,1112.1,1116.1
12929,1110.8,1115.8
12930,1111.6,1115.6
12931,1111.5,1115.5
12932,1111.9,1116.9
12933,1113.2,1119.2
12934,1115.9,1119.9
12935,1116.4,1120.4
12936,1116.2,1120.2
12937,1116.2,1120.2
12938,1115.9,1119.9
12939,1116.7,1121.7
12940,1117.4,1121.4
12941,1114.4,1121.4
12942,1112.4,1118.4
12943,1111.0,1116.0
12944,1110.1,1115.1
12945,1110.0,1114.0
12946,1110.3,1114.3
12947,1110.2,1114.2
12948,1110.2,1114.2
12949,1110.6,1114.6
12950,1110.6,1114.6
12951,1110.6,1114.6
12952,1111.2,1116.2
12953,1112.0,1117.0
12954,1109.8,1115.8
12955,1109.4,1113.4
12956,1108.9,1112.9
12957,1108.2,1113.2
12958,1107.6,1111.6
12959,1107.6,1111.6
12960,1108.1,1114.1
12961,1110.3,1114.3
12962,1110.3,1114.3
12963,1110.8,1114.8
12964,1111.7,1115.7
12965,1109.7,1115.7
12966,1109.7,1113.7
12967,1109.2,1114.2
12968,1108.3,1114.3
12969,1107.9,1111.9
12970,1107.8,1111.8
12971,1107.3,1111.3
12972,1106.8,1110.8
12973,1107.2,1112.2
12974,1108.6,1112.6
12975,1108.3,1112.3
12976,1107.8,1113.8
12977,1110.3,1115.3
12978,1111.4,1116.4
12979,1113.0,1118.0
12980,1114.4,1118.4
12981,1111.5,1117.5
12982,1110.9,1116.9
12983,1113.6,1117.6
12984,1111.9,1116.9
12985,1112.2,1116.2
12986,1111.7,1115.7
12987,1111.6,1115.6
12988,1111.0,1115.0
12989,1111.0,1116.0
12990,1112.4,1116.4
12991,1111.4,1116.4
12992,1110.8,1114.8
12993,1107.4,1114.4
12994,1106.6,1111.6
12995,1105.8,1109.8
12996,1106.5,1110.5
12997,1105.2,1110.2
12998,1104.8,1108.8
12999,1104.5,1108.5
13000,1104.8,1108.8
13001,1102.8,1107.8
13002,1102.8,1106.8
13003,1103.0,1107.0
13004,1102.7,1106.7
13005,1101.7,1106.7
13006,1101.7,1106.7
13007,1101.9,1105.9
13008,1101.9,1105.9
13009,1102.0,1107.0
13010,1103.2,1107.2
13011,1102.4,1106.4
13012,1102.8,1106.8
13013,1103.3,1107.3
13014,1103.3,1107.3
13015,1102.6,1106.6
13016,1103.4,1107.4
13017,1103.4,1107.4
13018,1101.2,1107.2
13019,1101.4,1105.4
13020,1101.2,1105.2
13021,1101.2,1105.2
13022,1101.2,1105.2
13023,1101.1,1105.1
13024,1101.2,1105.2
13025,1101.2,1106.2
13026,1103.0,1107.0
13027,1102.0,1108.0
13028,1103.0,1108.0
13029,1103.8,1108.8
13030,1103.3,1109.3
13031,1105.5,1109.5
13032,1105.5,1109.5
13033,1105.5,1110.5
13034,1106.8,1110.8
13035,1107.1,1111.1
13036,1107.3,1111.3
13037,1102.4,1111.4
13038,1101.0,1106.0
13039,1100.8,1104.8
13040,1100.7,1104.7
13041,1100.6,1104.6
13042,1100.5,1104.5
13043,1100.5,1104.5
13044,1099.6,1104.6
13045,1099.9,1104.9
13046,1099.5,1103.5
13047,1098.8,1102.8
13048,1097.8,1102.8
13049,1096.3,1101.3
13050,1096.3,1100.3
13051,1097.0,1101.0
13052,1095.2,1101.2
13053,1094.9,1098.9
13054,1095.2,1099.2
13055,1095.5,1099.5
13056,1094.2,1099.2
13057,1094.2,1101.2
13058,1097.3,1101.3
13059,1096.4,1101.4
13060,1096.0,1100.0
13061,1096.2,1100.2
13062,1096.2,1103.2
13063,1096.3,1103.3
13064,1096.3,1100.3
13065,1095.2,1100.2
13066,1094.6,1098.6
13067,1095.3,1100.3
13068,1097.2,1101.2
13069,1097.2,1101.2
13070,1097.6,1101.6
13071,1097.0,1101.0
13072,1097.6,1101.6
13073,1097.6,1101.6
13074,1097.8,1101.8
13075,1098.0,1102.0
13076,1098.0,1102.0
13077,1097.8,1101.8
13078,1098.0,1102.0
13079,1098.4,1103.4
13080,1100.0,1104.0
13081,1099.6,1104.6
13082,1099.2,1103.2
13083,1090.8,1102.8
13084,1091.0,1095.0
13085,1091.3,1095.3
13086,1090.3,1095.3
13087,1090.2,1095.2
13088,1091.2,1095.2
13089,1091.2,1097.2
13090,1093.4,1097.4
13091,1091.3,1097.3
13092,1090.6,1094.6
13093,1090.3,1094.3
13094,1090.2,1094.2
13095,1090.0,1094.0
13096,1090.1,1095.1
13097,1091.4,1096.4
13098,1091.2,1097.2
13099,1091.0,1095.0
13100,1089.2,1095.2
13101,1089.3,1093.3
13102,1089.3,1096.3
13103,1092.4,1097.4
13104,1092.6,1097.6
13105,1092.1,1096.1
13106,1092.5,1096.5
13107,1091.9,1095.9
13108,1091.4,1096.4
13109,1090.4,1096.4
13110,1089.3,1094.3
13111,1087.4,1094.4
13112,1089.5,1093.5
13113,1089.8,1095.8
13114,1091.9,1095.9
13115,1092.7,1096.7
13116,1092.6,1098.6
13117,1095.0,1101.0
13118,1097.2,1101.2
13119,1096.6,1100.6
13120,1096.8,1100.8
13121,1093.6,1100.6
13122,1093.3,1097.3
13123,1093.0,1098.0
13124,1094.4,1098.4
13125,1094.5,1098.5
13126,1092.7,1097.7
13127,1092.7,1097.7
13128,1091.5,1098.5
13129,1091.5,1095.5
13130,1091.4,1095.4
13131,1091.4,1095.4
13132,1091.4,1095.4
13133,1091.4,1098.4
13134,1089.8,1098.8
13135,1089.7,1093.7
13136,1090.3,1096.3
13137,1092.3,1096.3
13138,1093.2,1097.2
13139,1093.0,1097.0
13140,1092.1,1097.1
13141,1091.3,1095.3
13142,1091.3,1095.3
13143,1090.4,1094.4
13144,1091.3,1095.3
13145,1089.3,1095.3
13146,1089.1,1093.1
13147,1089.1,1093.1
13148,1089.2,1093.2
13149,1089.7,1096.7
13150,1091.2,1097.2
13151,1090.1,1095.1
13152,1090.0,1096.0
13153,1092.0,1098.0
13154,1093.5,1097.5
13155,1094.3,1098.3
13156,1094.3,1098.3
13157,1094.3,1098.3
13158,1090.6,1098.6
13159,1090.7,1094.7
13160,1090.7,1094.7
13161,1091.0,1095.0
13162,1088.0,1095.0
13163,1088.0,1092.0
13164,1088.1,1092.1
13165,1087.8,1091.8
13166,1087.2,1092.2
13167,1085.5,1090.5
13168,1084.8,1092.8
13169,1087.5,1092.5
13170,1087.3,1091.3
13171,1087.6,1091.6
13172,1087.6,1091.6
13173,1087.2,1091.2
13174,1087.3,1091.3
13175,1087.7,1091.7
13176,1087.0,1092.0
13177,1087.8,1091.8
13178,1088.2,1092.2
13179,1088.9,1092.9
13180,1089.8,1094.8
13181,1091.3,1095.3
13182,1091.9,1095.9
13183,1091.9,1095.9
13184,1090.3,1096.3
13185,1089.6,1093.6
13186,1090.0,1094.0
13187,1090.0,1100.0
13188,1096.3,1101.3
13189,1098.2,1102.2
13190,1097.8,1102.8
13191,1099.4,1104.4
13192,1096.2,1105.2
13193,1096.2,1100.2
13194,1095.2,1099.2
13195,1095.2,1099.2
13196,1094.8,1098.8
13197,1092.5,1098.5
13198,1092.0,1096.0
13199,1092.0,1096.0
13200,1092.2,1096.2
13201,1090.8,1095.8
13202,1090.1,1094.1
13203,1090.5,1094.5
13204,1090.0,1094.0
13205,1089.0,1094.0
13206,1089.0,1094.0
13207,1090.2,1094.2
13208,1090.2,1094.2
13209,1089.6,1093.6
13210,1089.5,1093.5
13211,1089.8,1093.8
13212,1088.7,1093.7
13213,1088.0,1092.0
13214,1086.9,1092.9
13215,1085.2,1090.2
13216,1084.2,1089.2
13217,1084.2,1089.2
13218,1085.2,1090.2
13219,1085.6,1090.6
13220,1084.7,1088.7
13221,1081.7,1088.7
13222,1081.1,1085.1
13223,1081.2,1085.2
13224,1081.0,1085.0
13225,1080.3,1084.3
13226,1080.6,1084.6
13227,1080.6,1084.6
13228,1080.2,1084.2
13229,1080.2,1084.2
13230,1080.7,1086.7
13231,1082.8,1088.8
13232,1084.1,1089.1
13233,1083.0,1088.0
13234,1082.8,1086.8
13235,1082.2,1087.2
13236,1081.4,1085.4
13237,1081.1,1085.1
13238,1080.3,1086.3
13239,1082.2,1086.2
13240,1082.8,1087.8
13241,1084.7,1088.7
13242,1084.6,1088.6
13243,1083.8,1087.8
13244,1082.2,1087.2
13245,1082.2,1087.2
13246,1083.3,1087.3
13247,1083.5,1087.5
13248,1084.3,1088.3
13249,1085.0,1090.0
13250,1086.0,1090.0
13251,1086.0,1090.0
13252,1086.7,1090.7
13253,1086.6,1090.6
13254,1087.0,1091.0
13255,1087.0,1092.0
13256,1088.4,1092.4
13257,1084.1,1093.1
13258,1084.0,1090.0
13259,1087.0,1091.0
13260,1086.4,1090.4
13261,1086.8,1090.8
13262,1086.8,1091.8
13263,1088.4,1092.4
13264,1087.8,1092.8
13265,1089.1,1093.1
13266,1087.5,1092.5
13267,1087.7,1091.7
13268,1087.3,1091.3
13269,1087.0,1091.0
13270,1087.0,1092.0
13271,1087.0,1092.0
13272,1087.2,1091.2
13273,1086.4,1090.4
13274,1086.4,1090.4
13275,1086.4,1090.4
13276,1086.3,1090.3
13277,1086.8,1090.8
13278,1087.4,1092.4
13279,1088.5,1092.5
13280,1089.3,1093.3
13281,1089.9,1093.9
13282,1089.8,1094.8
13283,1091.5,1095.5
13284,1091.6,1097.6
13285,1094.1,1098.1
13286,1086.2,1099.2
13287,1085.2,1091.2
13288,1084.8,1088.8
13289,1084.9,1088.9
13290,1084.8,1089.8
13291,1085.1,1090.1
13292,1084.8,1088.8
13293,1084.7,1088.7
13294,1084.9,1088.9
13295,1084.5,1089.5
13296,1083.9,1092.9
13297,1089.8,1093.8
13298,1089.8,1093.8
13299,1089.5,1093.5
13300,1083.5,1093.5
13301,1083.0,1087.0
13302,1081.8,1087.8
13303,1081.2,1087.2
13304,1084.0,1088.0
13305,1084.0,1088.0
13306,1084.6,1088.6
13307,1084.2,1088.2
13308,1083.3,1087.3
13309,1081.6,1087.6
13310,1082.8,1086.8
13311,1083.4,1087.4
13312,1084.1,1089.1
13313,1085.8,1089.8
13314,1085.8,1090.8
13315,1087.3,1091.3
13316,1086.2,1091.2
13317,1085.6,1089.6
13318,1084.9,1089.9
13319,1085.7,1089.7
13320,1084.8,1089.8
13321,1084.0,1088.0
13322,1084.0,1088.0
13323,1084.0,1088.0
13324,1082.0,1088.0
13325,1081.5,1085.5
13326,1080.4,1085.4
13327,1080.5,1084.5
13328,1081.3,1086.3
13329,1080.8,1086.8
13330,1079.7,1084.7
13331,1079.4,1084.4
13332,1080.8,1084.8
13333,1079.0,1085.0
13334,1079.0,1084.0
13335,1080.5,1084.5
13336,1079.6,1084.6
13337,1079.2,1084.2
13338,1079.7,1084.7
13339,1080.8,1084.8
13340,1078.6,1084.6
13341,1078.0,1083.0
13342,1077.2,1081.2
13343,1077.3,1082.3
13344,1078.8,1083.8
13345,1079.8,1085.8
13346,1082.0,1086.0
13347,1082.0,1086.0
13348,1082.3,1086.3
13349,1082.6,1086.6
13350,1082.0,1086.0
13351,1080.6,1088.6
13352,1083.2,1087.2
13353,1083.1,1087.1
13354,1082.5,1086.5
13355,1082.6,1088.6
13356,1084.8,1088.8
13357,1084.3,1088.3
13358,1083.4,1087.4
13359,1082.4,1087.4
13360,1081.6,1085.6
13361,1081.4,1085.4
13362,1081.3,1085.3
13363,1081.1,1085.1
13364,1081.6,1085.6
13365,1078.2,1085.2
13366,1077.8,1081.8
13367,1077.2,1081.2
13368,1076.8,1080.8
13369,1076.3,1080.3
13370,1076.0,1080.0
13371,1075.3,1080.3
13372,1075.0,1080.0
13373,1076.0,1080.0
13374,1074.5,1079.5
13375,1073.7,1077.7
13376,1073.8,1077.8
13377,1073.9,1077.9
13378,1073.3,1077.3
13379,1073.0,1077.0
13380,1072.6,1076.6
13381,1072.6,1076.6
13382,1072.4,1078.4
13383,1074.5,1078.5
13384,1074.5,1078.5
13385,1074.3,1078.3
13386,1074.6,1078.6
13387,1075.1,1079.1
13388,1073.3,1078.3
13389,1073.3,1077.3
13390,1074.0,1078.0
13391,1074.3,1078.3
13392,1074.5,1078.5
13393,1074.5,1078.5
13394,1074.8,1078.8
13395,1073.9,1078.9
13396,1073.5,1078.5
13397,1075.0,1080.0
13398,1076.0,1081.0
13399,1078.0,1083.0
13400,1078.3,1083.3
13401,1077.8,1081.8
13402,1077.8,1081.8
13403,1077.7,1081.7
13404,1077.3,1081.3
13405,1077.3,1081.3
13406,1076.8,1080.8
13407,1076.8,1080.8
13408,1075.8,1080.8
13409,1074.9,1078.9
13410,1072.7,1078.7
13411,1073.0,1077.0
13412,1072.9,1078.9
13413,1074.6,1079.6
13414,1074.2,1078.2
13415,1073.5,1077.5
13416,1073.3,1077.3
13417,1073.5,1077.5
13418,1072.7,1076.7
13419,1073.2,1078.2
13420,1074.4,1078.4
13421,1074.2,1079.2
13422,1076.1,1082.1
13423,1078.3,1083.3
13424,1079.5,1083.5
13425,1079.3,1083.3
13426,1077.4,1082.4
13427,1077.0,1084.0
13428,1080.7,1084.7
13429,1081.0,1085.0
13430,1080.9,1085.9
13431,1082.2,1086.2
13432,1082.4,1086.4
13433,1082.5,1086.5
13434,1082.6,1086.6
13435,1082.3,1087.3
13436,1082.2,1088.2
13437,1084.2,1088.2
13438,1084.2,1091.2
13439,1087.0,1091.0
13440,1087.3,1091.3
13441,1087.3,1091.3
13442,1087.0,1093.0
13443,1089.8,1093.8
13444,1090.3,1094.3
13445,1090.4,1094.4
13446,1089.8,1094.8
13447,1091.2,1096.2
13448,1092.2,1096.2
13449,1091.4,1097.4
13450,1094.3,1098.3
13451,1094.4,1098.4
13452,1093.9,1097.9
13453,1093.6,1100.6
13454,1097.3,1101.3
13455,1097.3,1101.3
13456,1095.6,1100.6
13457,1096.4,1100.4
13458,1091.4,1100.4
13459,1091.4,1095.4
13460,1091.4,1096.4
13461,1093.3,1097.3
13462,1093.1,1097.1
13463,1093.2,1098.2
13464,1094.6,1101.6
13465,1097.6,1103.6
13466,1099.8,1103.8
13467,1099.0,1103.0
13468,1098.8,1102.8
13469,1097.8,1101.8
13470,1097.0,1102.0
13471,1097.0,1101.0
13472,1097.1,1101.1
13473,1096.2,1103.2
13474,1099.2,1104.2
13475,1100.1,1104.1
13476,1100.1,1104.1
13477,1100.2,1104.2
13478,1100.2,1104.2
13479,1100.2,1104.2
13480,1099.6,1104.6
13481,1100.8,1104.8
13482,1101.7,1105.7
13483,1101.7,1105.7
13484,1102.3,1106.3
13485,1102.3,1114.3
13486,1106.5,1114.5
13487,1103.6,1110.6
13488,1105.0,1109.0
13489,1105.2,1109.2
13490,1104.6,1108.6
13491,1105.3,1109.3
13492,1105.6,1109.6
13493,1105.6,1109.6
13494,1105.6,1109.6
13495,1105.6,1109.6
13496,1105.6,1109.6
13497,1105.2,1109.2
13498,1105.2,1110.2
13499,1106.4,1113.4
13500,1109.5,1113.5
13501,1109.4,1114.4
13502,1110.8,1114.8
13503,1110.5,1114.5
13504,1109.9,1114.9
13505,1110.0,1114.0
13506,1109.8,1115.8
13507,1112.5,1116.5
13508,1111.2,1116.2
13509,1111.3,1115.3
13510,1111.0,1115.0
13511,1111.2,1115.2
13512,1109.2,1114.2
13513,1106.8,1112.8
13514,1106.8,1110.8
13515,1106.8,1110.8
13516,1106.4,1111.4
13517,1106.3,1111.3
13518,1106.4,1110.4
13519,1106.4,1111.4
13520,1107.5,1111.5
13521,1107.5,1111.5
13522,1106.2,1111.2
13523,1105.8,1109.8
13524,1105.4,1110.4
13525,1105.0,1109.0
13526,1105.0,1109.0
13527,1105.8,1113.8
13528,1110.2,1116.2
13529,1113.0,1117.0
13530,1113.0,1117.0
13531,1111.7,1116.7
13532,1110.8,1115.8
13533,1110.9,1116.9
13534,1112.0,1116.0
13535,1112.0,1116.0
13536,1112.0,1118.0
13537,1113.3,1117.3
13538,1113.4,1117.4
13539,1113.2,1117.2
13540,1109.7,1117.7
13541,1109.2,1113.2
13542,1108.3,1113.3
13543,1107.4,1113.4
13544,1107.2,1111.2
13545,1105.6,1110.6
13546,1105.2,1110.2
13547,1105.3,1110.3
13548,1104.4,1108.4
13549,1103.8,1107.8
13550,1103.0,1108.0
13551,1104.2,1108.2
13552,1104.0,1109.0
13553,1105.7,1109.7
13554,1105.4,1109.4
13555,1106.1,1110.1
13556,1105.6,1109.6
13557,1105.6,1109.6
13558,1105.0,1110.0
13559,1101.9,1108.9
13560,1101.0,1105.0
13561,1101.5,1105.5
13562,1100.6,1104.6
13563,1099.8,1104.8
13564,1098.7,1104.7
13565,1099.5,1103.5
13566,1097.5,1103.5
13567,1091.8,1100.8
13568,1091.8,1095.8
13569,1091.0,1095.0
13570,1091.5,1095.5
13571,1091.5,1095.5
13572,1091.3,1095.3
13573,1091.3,1096.3
13574,1092.9,1098.9
13575,1093.6,1098.6
13576,1093.4,1099.4
13577,1091.0,1100.0
13578,1090.4,1094.4
13579,1088.6,1093.6
13580,1087.9,1091.9
13581,1087.5,1094.5
13582,1089.2,1095.2
13583,1089.2,1093.2
13584,1088.2,1093.2
13585,1085.2,1092.2
13586,1085.0,1089.0
13587,1084.6,1088.6
13588,1084.6,1088.6
13589,1084.6,1088.6
13590,1085.0,1089.0
13591,1083.4,1088.4
13592,1082.9,1086.9
13593,1080.3,1086.3
13594,1079.2,1084.2
13595,1078.8,1082.8
13596,1079.3,1083.3
13597,1079.5,1087.5
13598,1083.5,1087.5
13599,1082.8,1086.8
13600,1082.8,1086.8
13601,1083.5,1087.5
13602,1083.6,1087.6
13603,1084.5,1088.5
13604,1084.5,1088.5
13605,1084.4,1089.4
13606,1083.4,1089.4
13607,1082.4,1087.4
13608,1080.6,1085.6
13609,1080.5,1084.5
13610,1080.9,1084.9
13611,1080.5,1084.5
13612,1081.3,1085.3
13613,1081.0,1085.0
13614,1080.8,1084.8
13615,1080.1,1084.1
13616,1080.6,1084.6
13617,1080.2,1084.2
13618,1080.2,1084.2
13619,1080.2,1084.2
13620,1080.3,1084.3
13621,1080.8,1084.8
13622,1080.8,1085.8
13623,1082.5,1086.5
13624,1082.5,1086.5
13625,1082.3,1086.3
13626,1082.5,1087.5
13627,1080.6,1087.6
13628,1080.6,1084.6
13629,1080.4,1084.4
13630,1080.4,1085.4
13631,1080.8,1085.8
13632,1080.6,1084.6
13633,1080.6,1084.6
13634,1075.8,1084.8
13635,1075.2,1079.2
13636,1075.1,1079.1
13637,1074.3,1078.3
13638,1074.3,1078.3
13639,1074.4,1078.4
13640,1073.8,1078.8
13641,1073.7,1077.7
13642,1073.7,1078.7
13643,1075.2,1079.2
13644,1074.5,1078.5
13645,1074.1,1078.1
13646,1074.5,1078.5
13647,1074.7,1078.7
13648,1075.6,1079.6
13649,1075.2,1079.2
13650,1075.9,1079.9
13651,1075.9,1079.9
13652,1076.0,1080.0
13653,1075.0,1080.0
13654,1075.0,1079.0
13655,1074.8,1078.8
13656,1075.3,1079.3
13657,1076.2,1080.2
13658,1075.5,1079.5
13659,1075.4,1081.4
13660,1077.8,1081.8
13661,1078.2,1082.2
13662,1078.2,1083.2
13663,1078.6,1083.6
13664,1078.0,1083.0
13665,1077.2,1083.2
13666,1077.0,1081.0
13667,1077.0,1081.0
13668,1076.2,1081.2
13669,1077.5,1081.5
13670,1077.5,1081.5
13671,1077.6,1081.6
13672,1077.3,1083.3
13673,1080.1,1084.1
13674,1080.0,1085.0
13675,1080.1,1084.1
13676,1081.0,1086.0
13677,1082.9,1086.9
13678,1083.3,1087.3
13679,1083.5,1087.5
13680,1083.2,1087.2
13681,1082.2,1088.2
13682,1084.2,1089.2
13683,1083.9,1087.9
13684,1084.7,1088.7
13685,1084.5,1088.5
13686,1084.0,1089.0
13687,1085.0,1089.0
13688,1084.8,1088.8
13689,1085.2,1089.2
13690,1085.2,1089.2
13691,1085.2,1089.2
13692,1084.8,1088.8
13693,1084.6,1088.6
13694,1081.8,1088.8
13695,1081.4,1085.4
13696,1080.6,1085.6
13697,1081.8,1087.8
13698,1084.2,1088.2
13699,1083.8,1087.8
13700,1082.8,1087.8
13701,1082.8,1086.8
13702,1083.0,1087.0
13703,1083.8,1087.8
13704,1084.3,1089.3
13705,1085.5,1089.5
13706,1085.6,1090.6
13707,1085.0,1090.0
13708,1083.2,1090.2
13709,1085.2,1090.2
13710,1086.8,1090.8
13711,1087.1,1091.1
13712,1087.1,1092.1
13713,1087.6,1092.6
13714,1087.5,1091.5
13715,1088.1,1092.1
13716,1088.2,1092.2
13717,1088.5,1093.5
13718,1086.9,1093.9
13719,1087.5,1091.5
13720,1087.3,1091.3
13721,1087.3,1091.3
13722,1087.5,1091.5
13723,1086.6,1092.6
13724,1087.5,1091.5
13725,1086.3,1092.3
13726,1086.2,1091.2
13727,1088.1,1093.1
13728,1089.1,1093.1
13729,1089.5,1093.5
13730,1090.0,1094.0
13731,1089.8,1094.8
13732,1090.4,1095.4
13733,1090.0,1094.0
13734,1087.8,1093.8
13735,1087.6,1098.6
13736,1095.4,1100.4
13737,1096.7,1102.7
13738,1099.3,1103.3
13739,1098.8,1103.8
13740,1094.8,1102.8
13741,1094.6,1098.6
13742,1094.3,1098.3
13743,1094.2,1098.2
13744,1094.6,1098.6
13745,1094.3,1099.3
13746,1095.5,1099.5
13747,1095.5,1099.5
13748,1095.5,1105.5
13749,1102.2,1106.2
13750,1101.3,1105.3
13751,1101.1,1105.1
13752,1101.1,1105.1
13753,1101.1,1105.1
13754,1101.0,1105.0
13755,1101.0,1105.0
13756,1101.6,1105.6
13757,1101.4,1105.4
13758,1101.3,1106.3
13759,1100.3,1106.3
13760,1099.8,1105.8
13761,1102.5,1106.5
13762,1103.2,1107.2
13763,1097.8,1106.8
13764,1097.7,1101.7
13765,1096.4,1101.4
13766,1096.4,1100.4
13767,1096.4,1100.4
13768,1095.4,1100.4
13769,1094.5,1098.5
13770,1094.1,1098.1
13771,1093.7,1097.7
13772,1093.7,1099.7
13773,1096.2,1100.2
13774,1091.2,1100.2
13775,1089.8,1094.8
13776,1089.3,1093.3
13777,1086.1,1093.1
13778,1085.2,1089.2
13779,1085.1,1089.1
13780,1084.0,1089.0
13781,1082.3,1087.3
13782,1082.2,1086.2
13783,1082.1,1086.1
13784,1082.3,1086.3
13785,1081.6,1085.6
13786,1081.6,1086.6
13787,1082.8,1086.8
13788,1082.3,1087.3
13789,1082.0,1086.0
13790,1080.7,1086.7
13791,1079.8,1083.8
13792,1079.6,1083.6
13793,1078.2,1083.2
13794,1077.8,1081.8
13795,1077.7,1081.7
13796,1078.6,1082.6
13797,1077.9,1081.9
13798,1078.3,1082.3
13799,1078.9,1082.9
13800,1079.4,1083.4
13801,1078.4,1082.4
13802,1078.8,1082.8
13803,1078.6,1082.6
13804,1076.6,1082.6
13805,1076.4,1081.4
13806,1076.5,1081.5
13807,1076.2,1080.2
13808,1074.8,1079.8
13809,1074.7,1078.7
13810,1074.4,1078.4
13811,1074.6,1078.6
13812,1074.6,1078.6
13813,1074.8,1078.8
13814,1074.2,1078.2
13815,1074.2,1078.2
13816,1074.2,1078.2
13817,1073.5,1078.5
13818,1073.4,1077.4
13819,1073.4,1077.4
13820,1073.8,1077.8
13821,1073.3,1078.3
13822,1075.0,1079.0
13823,1072.9,1078.9
13824,1073.0,1077.0
13825,1072.8,1078.8
13826,1075.6,1079.6
13827,1076.2,1081.2
13828,1077.6,1081.6
13829,1077.3,1082.3
13830,1078.6,1082.6
13831,1077.7,1083.7
13832,1078.3,1082.3
13833,1077.5,1081.5
13834,1077.7,1081.7
13835,1078.3,1082.3
13836,1077.9,1081.9
13837,1076.0,1082.0
13838,1075.6,1079.6
13839,1075.1,1079.1
13840,1074.8,1078.8
13841,1074.6,1078.6
13842,1071.6,1078.6
13843,1071.0,1075.0
13844,1070.3,1074.3
13845,1070.0,1074.0
13846,1070.0,1075.0
13847,1068.5,1075.5
13848,1068.5,1072.5
13849,1069.2,1074.2
13850,1070.2,1074.2
13851,1069.6,1074.6
13852,1068.6,1074.6
13853,1068.0,1073.0
13854,1069.6,1076.6
13855,1073.2,1077.2
13856,1074.0,1078.0
13857,1073.6,1078.6
13858,1073.4,1077.4
13859,1073.0,1077.0
13860,1069.4,1077.4
13861,1068.6,1077.6
13862,1073.0,1078.0
13863,1071.5,1077.5
13864,1071.2,1075.2
13865,1071.8,1075.8
13866,1071.8,1075.8
13867,1069.8,1075.8
13868,1068.0,1073.0
13869,1067.8,1071.8
13870,1068.0,1072.0
13871,1067.0,1072.0
13872,1066.7,1072.7
13873,1067.6,1072.6
13874,1067.5,1071.5
13875,1068.2,1072.2
13876,1067.8,1071.8
13877,1067.7,1071.7
13878,1067.0,1073.0
13879,1067.6,1072.6
13880,1067.4,1071.4
13881,1065.5,1070.5
13882,1065.3,1069.3
13883,1064.6,1068.6
13884,1064.0,1068.0
13885,1064.8,1069.8
13886,1066.1,1070.1
13887,1066.1,1070.1
13888,1066.5,1072.5
13889,1068.8,1072.8
13890,1069.0,1073.0
13891,1069.0,1073.0
13892,1068.8,1072.8
13893,1067.6,1072.6
13894,1067.6,1073.6
13895,1070.2,1078.2
13896,1072.9,1079.9
13897,1075.0,1080.0
13898,1076.1,1080.1
13899,1076.0,1080.0
13900,1076.1,1080.1
13901,1076.2,1080.2
13902,1075.8,1080.8
13903,1076.8,1080.8
13904,1076.9,1080.9
13905,1077.3,1081.3
13906,1077.6,1081.6
13907,1075.6,1081.6
13908,1075.0,1080.0
13909,1075.2,1079.2
13910,1070.6,1079.6
13911,1069.8,1073.8
13912,1069.8,1074.8
13913,1071.4,1075.4
13914,1071.0,1075.0
13915,1070.5,1074.5
13916,1070.8,1075.8
13917,1071.8,1075.8
13918,1071.0,1075.0
13919,1070.1,1074.1
13920,1070.1,1074.1
13921,1068.2,1074.2
13922,1067.8,1073.8
13923,1069.5,1073.5
13924,1070.2,1074.2
13925,1070.7,1076.7
13926,1069.8,1076.8
13927,1069.0,1074.0
13928,1070.2,1076.2
13929,1072.3,1076.3
13930,1072.9,1076.9
13931,1072.7,1076.7
13932,1072.6,1076.6
13933,1072.5,1076.5
13934,1072.4,1076.4
13935,1071.6,1075.6
13936,1071.6,1075.6
13937,1071.6,1075.6
13938,1071.4,1075.4
13939,1071.3,1075.3
13940,1071.2,1075.2
13941,1071.6,1076.6
13942,1073.4,1080.4
13943,1074.6,1080.6
13944,1074.3,1079.3
13945,1074.9,1078.9
13946,1075.4,1080.4
13947,1077.0,1081.0
13948,1076.3,1080.3
13949,1076.6,1080.6
13950,1076.6,1084.6
13951,1080.9,1084.9
13952,1080.3,1084.3
13953,1079.4,1083.4
13954,1079.0,1083.0
13955,1078.2,1082.2
13956,1077.5,1082.5
13957,1076.8,1082.8
13958,1076.5,1080.5
13959,1077.5,1083.5
13960,1080.4,1084.4
13961,1081.0,1085.0
13962,1081.0,1085.0
13963,1081.2,1085.2
13964,1081.3,1085.3
13965,1081.2,1086.2
13966,1082.3,1087.3
13967,1083.3,1087.3
13968,1083.3,1087.3
13969,1083.3,1087.3
13970,1083.2,1087.2
13971,1083.8,1087.8
13972,1084.0,1089.0
13973,1085.6,1089.6
13974,1085.3,1090.3
13975,1084.3,1089.3
13976,1083.9,1088.9
13977,1082.8,1087.8
13978,1082.0,1086.0
13979,1081.6,1087.6
13980,1083.8,1087.8
13981,1083.8,1087.8
13982,1083.8,1087.8
13983,1081.1,1088.1
13984,1080.9,1084.9
13985,1080.0,1085.0
13986,1079.4,1083.4
13987,1080.0,1085.0
13988,1081.3,1085.3
13989,1080.3,1085.3
13990,1079.9,1083.9
13991,1080.3,1084.3
13992,1077.8,1083.8
13993,1075.0,1081.0
13994,1074.6,1078.6
13995,1074.4,1080.4
13996,1076.3,1081.3
13997,1076.3,1080.3
13998,1074.8,1080.8
13999,1074.8,1078.8
14000,1074.0,1078.0
14001,1073.1,1077.1
14002,1073.0,1077.0
14003,1072.0,1076.0
14004,1070.4,1075.4
14005,1070.1,1074.1
14006,1068.2,1074.2
14007,1068.2,1072.2
14008,1067.9,1073.9
14009,1070.0,1074.0
14010,1069.2,1073.2
14011,1068.8,1072.8
14012,1068.0,1072.0
14013,1068.0,1072.0
14014,1069.0,1073.0
14015,1069.0,1073.0
14016,1069.0,1073.0
14017,1069.2,1073.2
14018,1069.0,1073.0
14019,1068.2,1072.2
14020,1068.6,1072.6
14021,1068.6,1074.6
14022,1071.2,1076.2
14023,1072.2,1077.2
14024,1073.5,1077.5
14025,1073.3,1077.3
14026,1073.3,1077.3
14027,1072.7,1076.7
14028,1073.6,1077.6
14029,1073.4,1077.4
14030,1073.4,1080.4
14031,1076.6,1080.6
14032,1075.8,1080.8
14033,1077.0,1081.0
14034,1076.8,1081.8
14035,1078.2,1082.2
14036,1078.6,1082.6
14037,1078.6,1083.6
14038,1080.2,1084.2
14039,1080.3,1084.3
14040,1080.2,1084.2
14041,1081.0,1085.0
14042,1079.0,1084.0
14043,1079.7,1083.7
14044,1078.8,1082.8
14045,1079.0,1083.0
14046,1078.2,1083.2
14047,1078.0,1082.0
14048,1077.8,1081.8
14049,1077.4,1082.4
14050,1079.2,1084.2
14051,1080.6,1084.6
14052,1078.0,1084.0
14053,1077.9,1081.9
14054,1077.5,1082.5
14055,1078.0,1083.0
14056,1077.8,1081.8
14057,1077.8,1081.8
14058,1078.3,1082.3
14059,1078.4,1082.4
14060,1077.0,1082.0
14061,1076.8,1081.8
14062,1078.0,1082.0
14063,1077.8,1081.8
14064,1077.6,1081.6
14065,1077.7,1082.7
14066,1079.2,1083.2
14067,1078.3,1082.3
14068,1075.5,1082.5
14069,1075.8,1079.8
14070,1072.6,1079.6
14071,1072.2,1076.2
14072,1072.4,1077.4
14073,1073.5,1077.5
14074,1073.8,1077.8
14075,1073.2,1077.2
14076,1071.4,1076.4
14077,1070.8,1074.8
14078,1069.8,1074.8
14079,1069.0,1076.0
14080,1072.7,1077.7
14081,1072.1,1078.1
14082,1068.9,1075.9
14083,1068.6,1072.6
14084,1068.8,1072.8
14085,1068.8,1073.8
14086,1070.2,1074.2
14087,1070.1,1075.1
14088,1071.2,1075.2
14089,1070.7,1074.7
14090,1070.7,1075.7
14091,1072.2,1076.2
14092,1072.5,1076.5
14093,1072.7,1078.7
14094,1075.0,1079.0
14095,1075.0,1083.0
14096,1079.1,1083.1
14097,1079.4,1083.4
14098,1079.2,1083.2
14099,1079.6,1083.6
14100,1079.8,1083.8
14101,1077.4,1083.4
14102,1077.4,1081.4
14103,1077.2,1081.2
14104,1076.8,1080.8
14105,1076.4,1080.4
14106,1077.2,1081.2
14107,1077.3,1083.3
14108,1079.8,1084.8
14109,1080.8,1084.8
14110,1079.8,1084.8
14111,1079.2,1083.2
14112,1079.6,1086.6
14113,1083.0,1087.0
14114,1083.5,1088.5
14115,1085.1,1096.1
14116,1091.3,1096.3
14117,1088.0,1095.0
14118,1085.3,1092.3
14119,1085.6,1089.6
14120,1085.4,1089.4
14121,1086.2,1090.2
14122,1086.2,1090.2
14123,1085.0,1090.0
14124,1084.1,1088.1
14125,1084.1,1088.1
14126,1083.3,1087.3
14127,1082.3,1087.3
14128,1080.0,1086.0
14129,1077.5,1083.5
14130,1077.5,1081.5
14131,1076.3,1081.3
14132,1075.4,1079.4
14133,1075.3,1080.3
14134,1076.4,1080.4
14135,1076.4,1080.4
14136,1076.4,1080.4
14137,1075.5,1079.5
14138,1075.4,1079.4
14139,1075.4,1079.4
14140,1075.3,1081.3
14141,1077.4,1082.4
14142,1078.5,1083.5
14143,1079.3,1083.3
14144,1079.4,1083.4
14145,1076.0,1083.0
14146,1075.0,1079.0
14147,1073.7,1078.7
14148,1073.5,1077.5
14149,1073.4,1077.4
14150,1072.8,1077.8
14151,1072.7,1076.7
14152,1072.3,1076.3
14153,1073.2,1077.2
14154,1072.8,1077.8
14155,1073.9,1077.9
14156,1071.7,1077.7
14157,1071.7,1076.7
14158,1073.4,1077.4
14159,1073.9,1079.9
14160,1075.0,1080.0
14161,1074.3,1078.3
14162,1074.2,1078.2
14163,1071.1,1078.1
14164,1069.1,1075.1
14165,1068.2,1072.2
14166,1066.8,1071.8
14167,1066.3,1073.3
14168,1069.5,1075.5
14169,1071.9,1075.9
14170,1072.3,1076.3
14171,1073.0,1077.0
14172,1071.1,1077.1
14173,1070.9,1074.9
14174,1071.8,1075.8
14175,1071.8,1079.8
14176,1075.4,1080.4
14177,1076.6,1080.6
14178,1076.2,1080.2
14179,1076.1,1080.1
14180,1076.1,1080.1
14181,1075.4,1079.4
14182,1075.2,1080.2
14183,1076.3,1080.3
14184,1076.4,1081.4
14185,1077.4,1081.4
14186,1075.5,1080.5
14187,1075.0,1079.0
14188,1074.5,1078.5
14189,1072.5,1078.5
14190,1072.2,1076.2
14191,1072.5,1076.5
14192,1069.2,1077.2
14193,1068.5,1072.5
14194,1068.2,1072.2
14195,1067.6,1071.6
14196,1066.9,1070.9
14197,1066.8,1070.8
14198,1064.0,1070.0
14199,1063.6,1067.6
14200,1063.8,1067.8
14201,1063.3,1067.3
14202,1063.7,1067.7
14203,1063.6,1068.6
14204,1065.1,1069.1
14205,1064.8,1068.8
14206,1063.6,1068.6
14207,1063.2,1067.2
14208,1064.0,1070.0
14209,1066.2,1070.2
14210,1065.8,1070.8
14211,1065.8,1070.8
14212,1066.3,1071.3
14213,1065.2,1070.2
14214,1061.0,1069.0
14215,1060.0,1064.0
14216,1059.6,1063.6
14217,1060.3,1064.3
14218,1060.2,1064.2
14219,1059.6,1064.6
14220,1059.5,1063.5
14221,1060.1,1064.1
14222,1059.3,1064.3
14223,1058.0,1063.0
14224,1056.0,1061.0
14225,1055.2,1059.2
14226,1055.2,1059.2
14227,1055.0,1059.0
14228,1052.4,1059.4
14229,1052.0,1056.0
14230,1051.2,1056.2
14231,1050.3,1054.3
14232,1047.4,1053.4
14233,1046.8,1050.8
14234,1045.8,1050.8
14235,1045.5,1049.5
14236,1045.0,1049.0
14237,1045.5,1050.5
14238,1045.8,1050.8
14239,1045.2,1050.2
14240,1047.0,1051.0
14241,1047.0,1051.0
14242,1047.2,1051.2
14243,1046.5,1050.5
14244,1046.5,1050.5
14245,1046.4,1051.4
14246,1048.4,1052.4
14247,1047.5,1052.5
14248,1047.5,1051.5
14249,1047.6,1052.6
14250,1048.1,1052.1
14251,1048.5,1052.5
14252,1047.9,1051.9
14253,1047.5,1051.5
14254,1047.4,1051.4
14255,1047.2,1052.2
14256,1048.6,1052.6
14257,1048.2,1052.2
14258,1048.7,1056.7
14259,1052.8,1056.8
14260,1052.8,1056.8
14261,1052.2,1056.2
14262,1052.1,1056.1
14263,1051.6,1055.6
14264,1050.8,1054.8
14265,1050.8,1054.8
14266,1051.0,1058.0
14267,1054.0,1059.0
14268,1055.2,1059.2
14269,1055.0,1059.0
14270,1056.0,1060.0
14271,1055.9,1060.9
14272,1057.4,1061.4
14273,1056.5,1061.5
14274,1056.0,1060.0
14275,1056.3,1060.3
14276,1056.4,1060.4
14277,1054.4,1060.4
14278,1053.4,1057.4
14279,1052.5,1056.5
14280,1053.3,1057.3
14281,1053.3,1057.3
14282,1051.4,1057.4
14283,1050.2,1055.2
14284,1049.5,1053.5
14285,1049.0,1055.0
14286,1050.0,1056.0
14287,1049.0,1053.0
14288,1049.1,1055.1
14289,1051.8,1057.8
14290,1054.5,1058.5
14291,1054.8,1058.8
14292,1052.7,1058.7
14293,1050.5,1056.5
14294,1050.3,1055.3
14295,1051.9,1055.9
14296,1051.9,1055.9
14297,1051.9,1055.9
14298,1051.2,1055.2
14299,1050.4,1055.4
14300,1046.3,1054.3
14301,1045.0,1050.0
14302,1043.8,1048.8
14303,1043.3,1047.3
14304,1043.9,1047.9
14305,1044.2,1048.2
14306,1044.2,1048.2
14307,1044.0,1048.0
14308,1044.4,1048.4
14309,1044.0,1048.0
14310,1044.0,1048.0
14311,1043.6,1047.6
14312,1041.6,1047.6
14313,1039.2,1045.2
14314,1038.9,1042.9
14315,1038.6,1042.6
14316,1038.3,1042.3
14317,1038.3,1042.3
14318,1037.5,1042.5
14319,1037.2,1041.2
14320,1037.2,1041.2
14321,1034.2,1041.2
14322,1031.4,1037.4
14323,1031.0,1035.0
14324,1031.0,1038.0
14325,1035.0,1039.0
14326,1035.0,1039.0
14327,1034.6,1038.6
14328,1033.8,1037.8
14329,1033.9,1037.9
14330,1033.1,1037.1
14331,1029.8,1036.8
14332,1028.9,1033.9
14333,1030.2,1034.2
14334,1030.8,1034.8
14335,1030.6,1034.6
14336,1030.5,1034.5
14337,1030.2,1034.2
14338,1029.6,1035.6
14339,1030.8,1035.8
14340,1030.0,1036.0
14341,1032.4,1036.4
14342,1032.6,1036.6
14343,1031.6,1036.6
14344,1032.1,1036.1
14345,1030.0,1036.0
14346,1029.2,1033.2
14347,1029.2,1033.2
14348,1028.5,1032.5
14349,1028.3,1032.3
14350,1028.0,1032.0
14351,1028.7,1032.7
14352,1028.6,1032.6
14353,1029.0,1033.0
14354,1028.0,1034.0
14355,1029.0,1034.0
14356,1030.2,1035.2
14357,1031.8,1035.8
14358,1031.8,1035.8
14359,1030.8,1035.8
14360,1030.9,1036.9
14361,1033.0,1037.0
14362,1032.9,1036.9
14363,1033.0,1037.0
14364,1027.2,1037.2
14365,1027.1,1031.1
14366,1027.3,1031.3
14367,1028.2,1033.2
14368,1030.0,1034.0
14369,1030.6,1034.6
14370,1028.8,1034.8
14371,1028.5,1032.5
14372,1028.5,1032.5
14373,1028.8,1033.8
14374,1029.2,1034.2
14375,1028.8,1035.8
14376,1032.2,1037.2
14377,1034.1,1038.1
14378,1034.7,1038.7
14379,1035.2,1039.2
14380,1035.0,1039.0
14381,1035.0,1040.0
14382,1036.0,1040.0
14383,1035.5,1040.5
14384,1036.9,1040.9
14385,1037.2,1041.2
14386,1036.8,1040.8
14387,1036.8,1040.8
14388,1036.8,1042.8
14389,1039.0,1043.0
14390,1040.0,1044.0
14391,1039.9,1043.9
14392,1039.2,1043.2
14393,1039.0,1043.0
14394,1038.4,1042.4
14395,1039.0,1043.0
14396,1036.9,1042.9
14397,1035.1,1042.1
14398,1036.8,1042.8
14399,1037.8,1042.8
14400,1037.4,1041.4
14401,1038.0,1042.0
14402,1037.4,1041.4
14403,1036.5,1040.5
14404,1036.1,1040.1
14405,1035.3,1039.3
14406,1036.0,1040.0
14407,1036.0,1042.0
14408,1037.0,1042.0
14409,1036.6,1044.6
14410,1040.5,1044.5
14411,1040.5,1044.5
14412,1040.2,1044.2
14413,1039.5,1043.5
14414,1038.8,1044.8
14415,1040.0,1044.0
14416,1040.0,1046.0
14417,1042.6,1046.6
14418,1042.1,1046.1
14419,1042.1,1047.1
14420,1043.4,1047.4
14421,1043.2,1048.2
14422,1044.0,1049.0
14423,1045.8,1049.8
14424,1045.5,1049.5
14425,1044.3,1049.3
14426,1044.2,1053.2
14427,1049.2,1053.2
14428,1047.8,1052.8
14429,1047.8,1051.8
14430,1047.1,1052.1
14431,1047.7,1051.7
14432,1048.1,1052.1
14433,1048.6,1052.6
14434,1048.6,1052.6
14435,1049.6,1056.6
14436,1053.1,1057.1
14437,1053.1,1057.1
14438,1052.4,1056.4
14439,1053.2,1060.2
14440,1056.9,1060.9
14441,1057.2,1061.2
14442,1057.1,1062.1
14443,1056.5,1061.5
14444,1057.9,1061.9
14445,1058.5,1062.5
14446,1058.0,1063.0
14447,1059.0,1063.0
14448,1059.9,1063.9
14449,1059.8,1063.8
14450,1059.8,1063.8
14451,1057.7,1063.7
14452,1055.8,1060.8
14453,1054.7,1059.7
14454,1052.5,1058.5
14455,1052.0,1056.0
14456,1052.0,1056.0
14457,1052.1,1056.1
14458,1051.8,1056.8
14459,1050.2,1057.2
14460,1049.6,1053.6
14461,1050.2,1055.2
14462,1052.2,1056.2
14463,1052.2,1056.2
14464,1052.2,1056.2
14465,1050.0,1056.0
14466,1050.3,1054.3
14467,1050.3,1054.3
14468,1050.2,1054.2
14469,1050.2,1054.2
14470,1049.8,1053.8
14471,1049.8,1053.8
14472,1050.2,1054.2
14473,1048.6,1053.6
14474,1048.1,1052.1
14475,1047.2,1051.2
14476,1047.1,1051.1
14477,1047.1,1051.1
14478,1047.2,1051.2
14479,1047.2,1051.2
14480,1046.1,1052.1
14481,1046.1,1051.1
14482,1045.8,1051.8
14483,1045.4,1049.4
14484,1045.2,1049.2
14485,1043.2,1049.2
14486,1042.1,1047.1
14487,1040.4,1045.4
14488,1040.3,1044.3
14489,1040.4,1044.4
14490,1041.2,1045.2
14491,1041.2,1045.2
14492,1040.7,1044.7
14493,1040.8,1044.8
14494,1040.8,1046.8
14495,1043.1,1047.1
14496,1041.8,1046.8
14497,1041.0,1045.0
14498,1041.7,1045.7
14499,1041.0,1045.0
14500,1040.2,1044.2
14501,1039.9,1044.9
14502,1040.0,1044.0
14503,1040.4,1044.4
14504,1040.4,1044.4
14505,1040.3,1044.3
14506,1040.8,1045.8
14507,1042.5,1046.5
14508,1041.6,1046.6
14509,1042.2,1046.2
14510,1041.7,1045.7
14511,1041.2,1045.2
14512,1041.1,1045.1
14513,1041.0,1045.0
14514,1040.1,1044.1
14515,1040.5,1044.5
14516,1040.1,1044.1
14517,1039.6,1043.6
14518,1039.4,1045.4
14519,1042.2,1046.2
14520,1042.0,1046.0
14521,1041.2,1047.2
14522,1043.5,1047.5
14523,1042.9,1046.9
14524,1041.9,1046.9
14525,1041.2,1045.2
14526,1040.4,1044.4
14527,1040.1,1044.1
14528,1040.5,1045.5
14529,1040.8,1044.8
14530,1040.8,1044.8
14531,1040.9,1049.9
14532,1046.3,1050.3
14533,1045.3,1050.3
14534,1045.3,1049.3
14535,1045.4,1049.4
14536,1045.4,1049.4
14537,1046.2,1051.2
14538,1047.6,1051.6
14539,1047.6,1051.6
14540,1048.0,1052.0
14541,1047.8,1051.8
14542,1047.7,1051.7
14543,1046.8,1050.8
14544,1046.6,1050.6
14545,1047.1,1051.1
14546,1044.6,1050.6
14547,1043.8,1047.8
14548,1043.8,1047.8
14549,1042.3,1048.3
14550,1042.0,1047.0
14551,1043.8,1048.8
14552,1045.7,1050.7
14553,1043.6,1050.6
14554,1043.4,1049.4
14555,1045.6,1053.6
14556,1050.4,1054.4
14557,1050.7,1054.7
14558,1047.8,1053.8
14559,1047.1,1051.1
14560,1046.2,1052.2
14561,1047.0,1051.0
14562,1047.0,1051.0
14563,1047.5,1051.5
14564,1047.5,1051.5
14565,1047.2,1052.2
14566,1048.1,1052.1
14567,1048.0,1052.0
14568,1047.8,1051.8
14569,1047.8,1053.8
14570,1049.4,1054.4
14571,1049.2,1053.2
14572,1049.7,1053.7
14573,1048.9,1052.9
14574,1048.8,1052.8
14575,1048.8,1052.8
14576,1048.8,1060.8
14577,1055.8,1060.8
14578,1055.9,1059.9
14579,1056.0,1062.0
14580,1058.5,1062.5
14581,1058.0,1063.0
14582,1059.3,1064.3
14583,1060.4,1064.4
14584,1060.4,1064.4
14585,1060.4,1064.4
14586,1060.6,1064.6
14587,1060.7,1064.7
14588,1059.9,1063.9
14589,1059.1,1064.1
14590,1055.0,1063.0
14591,1054.3,1058.3
14592,1054.6,1058.6
14593,1054.5,1059.5
14594,1055.4,1059.4
14595,1055.4,1059.4
14596,1054.5,1058.5
14597,1054.0,1058.0
14598,1054.0,1059.0
14599,1053.6,1059.6
14600,1053.0,1057.0
14601,1053.1,1057.1
14602,1053.0,1057.0
14603,1052.0,1057.0
14604,1052.8,1056.8
14605,1051.1,1056.1
14606,1050.8,1054.8
14607,1050.8,1054.8
14608,1049.2,1054.2
14609,1049.2,1053.2
14610,1049.4,1053.4
14611,1050.2,1054.2
14612,1049.8,1053.8
14613,1049.1,1057.1
14614,1053.0,1057.0
14615,1053.0,1057.0
14616,1054.0,1058.0
14617,1053.2,1057.2
14618,1053.5,1057.5
14619,1052.8,1057.8
14620,1052.8,1057.8
14621,1053.1,1057.1
14622,1053.5,1057.5
14623,1054.0,1058.0
14624,1053.4,1059.4
14625,1055.7,1060.7
14626,1057.0,1061.0
14627,1057.0,1061.0
14628,1056.0,1061.0
14629,1056.0,1062.0
14630,1058.3,1062.3
14631,1058.5,1062.5
14632,1059.0,1063.0
14633,1058.7,1062.7
14634,1058.7,1062.7
14635,1059.0,1065.0
14636,1061.0,1065.0
14637,1060.3,1065.3
14638,1060.0,1064.0
14639,1060.0,1066.0
14640,1062.0,1066.0
14641,1062.0,1066.0
14642,1061.3,1066.3
14643,1060.8,1064.8
14644,1060.9,1064.9
14645,1060.7,1064.7
14646,1060.7,1064.7
14647,1060.9,1064.9
14648,1060.5,1064.5
14649,1061.3,1065.3
14650,1057.3,1066.3
14651,1058.0,1062.0
14652,1057.9,1062.9
14653,1059.7,1063.7
14654,1059.8,1065.8
14655,1062.2,1066.2
14656,1062.2,1066.2
14657,1062.2,1066.2
14658,1061.2,1066.2
14659,1059.8,1064.8
14660,1057.8,1062.8
14661,1057.6,1061.6
14662,1056.7,1062.7
14663,1059.5,1063.5
14664,1059.3,1063.3
14665,1060.3,1067.3
14666,1064.0,1069.0
14667,1064.8,1068.8
14668,1064.3,1068.3
14669,1064.3,1068.3
14670,1063.0,1068.0
14671,1060.8,1066.8
14672,1060.4,1064.4
14673,1060.5,1064.5
14674,1060.8,1064.8
14675,1059.6,1064.6
14676,1059.2,1063.2
14677,1058.4,1062.4
14678,1058.5,1063.5
14679,1059.2,1064.2
14680,1057.3,1062.3
14681,1053.3,1061.3
14682,1052.8,1056.8
14683,1052.0,1056.0
14684,1052.2,1056.2
14685,1052.3,1057.3
14686,1053.0,1058.0
14687,1052.8,1056.8
14688,1048.1,1056.1
14689,1046.5,1051.5
14690,1046.4,1050.4
14691,1046.5,1050.5
14692,1046.5,1051.5
14693,1047.6,1051.6
14694,1047.0,1051.0
14695,1047.2,1051.2
14696,1045.4,1050.4
14697,1045.2,1049.2
14698,1045.2,1050.2
14699,1046.6,1050.6
14700,1046.2,1050.2
14701,1046.0,1053.0
14702,1049.2,1053.2
14703,1048.6,1052.6
14704,1049.2,1053.2
14705,1049.4,1053.4
14706,1048.5,1052.5
14707,1045.8,1051.8
14708,1045.5,1049.5
14709,1045.8,1051.8
14710,1047.8,1051.8
14711,1047.4,1051.4
14712,1048.1,1052.1
14713,1047.2,1051.2
14714,1047.2,1052.2
14715,1047.8,1053.8
14716,1048.9,1053.9
14717,1049.0,1053.0
14718,1049.2,1053.2
14719,1047.9,1052.9
14720,1047.8,1051.8
14721,1047.3,1051.3
14722,1047.3,1051.3
14723,1047.8,1051.8
14724,1044.0,1052.0
14725,1044.6,1052.6
14726,1049.3,1054.3
14727,1050.5,1055.5
14728,1050.7,1055.7
14729,1050.4,1054.4
14730,1050.8,1058.8
14731,1055.2,1060.2
14732,1056.2,1060.2
14733,1056.2,1060.2
14734,1055.0,1060.0
14735,1054.2,1058.2
14736,1054.3,1058.3
14737,1054.8,1058.8
14738,1055.6,1059.6
14739,1056.0,1060.0
14740,1054.0,1060.0
14741,1052.4,1057.4
14742,1052.3,1056.3
14743,1051.8,1055.8
14744,1052.8,1056.8
14745,1052.9,1056.9
14746,1052.9,1056.9
14747,1052.9,1056.9
14748,1052.0,1057.0
14749,1051.8,1055.8
14750,1052.1,1057.1
14751,1053.4,1057.4
14752,1053.8,1057.8
14753,1054.4,1058.4
14754,1054.5,1058.5
14755,1053.7,1058.7
14756,1051.2,1057.2
14757,1050.9,1054.9
14758,1050.3,1054.3
14759,1050.3,1057.3
14760,1053.8,1057.8
14761,1052.8,1057.8
14762,1051.8,1056.8
14763,1051.6,1055.6
14764,1050.8,1054.8
14765,1051.2,1055.2
14766,1049.2,1055.2
14767,1049.1,1053.1
14768,1049.1,1056.1
14769,1052.8,1056.8
14770,1053.5,1059.5
14771,1055.6,1059.6
14772,1055.6,1059.6
14773,1055.6,1061.6
14774,1058.0,1062.0
14775,1057.5,1062.5
14776,1058.0,1063.0
14777,1056.3,1061.3
14778,1055.4,1060.4
14779,1055.2,1064.2
14780,1060.8,1064.8
14781,1059.9,1064.9
14782,1059.1,1064.1
14783,1060.3,1064.3
14784,1060.0,1064.0
14785,1057.2,1063.2
14786,1057.3,1061.3
14787,1056.3,1061.3
14788,1055.6,1060.6
14789,1056.6,1060.6
14790,1056.6,1060.6
14791,1056.6,1060.6
14792,1056.0,1060.0
14793,1056.3,1060.3
14794,1056.0,1060.0
14795,1055.6,1059.6
14796,1055.7,1059.7
14797,1055.0,1059.0
14798,1055.3,1059.3
14799,1051.5,1059.5
14800,1051.0,1055.0
14801,1050.2,1054.2
14802,1049.5,1054.5
14803,1048.1,1053.1
14804,1047.7,1051.7
14805,1047.6,1051.6
14806,1045.6,1051.6
14807,1046.0,1050.0
14808,1046.0,1050.0
14809,1046.4,1050.4
14810,1046.6,1054.6
14811,1051.1,1056.1
14812,1052.5,1056.5
14813,1052.5,1056.5
14814,1050.7,1055.7
14815,1048.2,1054.2
14816,1048.2,1052.2
14817,1048.5,1052.5
14818,1048.8,1052.8
14819,1047.7,1052.7
14820,1047.4,1051.4
14821,1046.6,1051.6
14822,1045.4,1050.4
14823,1040.5,1049.5
14824,1039.8,1043.8
14825,1039.5,1043.5
14826,1039.5,1044.5
14827,1040.8,1044.8
14828,1040.5,1045.5
14829,1040.3,1044.3
14830,1040.3,1044.3
14831,1040.5,1044.5
14832,1040.5,1044.5
14833,1040.5,1045.5
14834,1041.2,1046.2
14835,1040.8,1044.8
14836,1040.8,1044.8
14837,1041.4,1045.4
14838,1041.8,1045.8
14839,1041.8,1045.8
14840,1041.7,1045.7
14841,1041.7,1045.7
14842,1041.9,1045.9
14843,1041.4,1045.4
14844,1039.2,1045.2
14845,1038.7,1043.7
14846,1040.2,1044.2
14847,1040.2,1045.2
14848,1041.6,1050.6
14849,1047.0,1051.0
14850,1047.0,1052.0
14851,1047.8,1052.8
14852,1049.2,1054.2
14853,1048.3,1054.3
14854,1046.4,1051.4
14855,1046.2,1050.2
14856,1046.1,1050.1
14857,1045.8,1049.8
14858,1045.7,1049.7
14859,1046.0,1050.0
14860,1046.8,1052.8
14861,1047.2,1053.2
14862,1047.3,1051.3
14863,1046.5,1050.5
14864,1046.9,1050.9
14865,1046.7,1050.7
14866,1045.7,1050.7
14867,1044.9,1048.9
14868,1045.2,1049.2
14869,1044.8,1051.8
14870,1047.8,1052.8
14871,1049.4,1053.4
14872,1049.4,1053.4
14873,1049.6,1053.6
14874,1047.6,1053.6
14875,1046.8,1051.8
14876,1048.0,1056.0
14877,1052.8,1056.8
14878,1052.8,1056.8
14879,1052.8,1059.8
14880,1056.0,1060.0
14881,1056.8,1061.8
14882,1058.0,1062.0
14883,1058.8,1062.8
14884,1058.8,1062.8
14885,1058.8,1062.8
14886,1058.5,1066.5
14887,1061.6,1066.6
14888,1060.3,1065.3
14889,1059.5,1064.5
14890,1061.2,1065.2
14891,1061.8,1065.8
14892,1061.8,1065.8
14893,1061.8,1066.8
14894,1063.0,1067.0
14895,1063.0,1067.0
14896,1062.6,1067.6
14897,1064.6,1068.6
14898,1064.8,1068.8
14899,1065.0,1069.0
14900,1064.9,1069.9
14901,1064.2,1072.2
14902,1065.5,1070.5
14903,1065.8,1069.8
14904,1064.2,1069.2
14905,1064.5,1069.5
14906,1065.6,1069.6
14907,1065.4,1069.4
14908,1065.2,1069.2
14909,1063.5,1068.5
14910,1062.8,1066.8
14911,1062.8,1072.8
14912,1069.0,1073.0
14913,1069.0,1073.0
14914,1068.7,1072.7
14915,1069.0,1073.0
14916,1061.0,1073.0
14917,1060.7,1066.7
14918,1063.0,1067.0
14919,1062.2,1066.2
14920,1060.1,1066.1
14921,1059.6,1063.6
14922,1059.5,1063.5
14923,1059.0,1063.0
14924,1058.2,1068.2
14925,1063.0,1068.0
14926,1059.4,1066.4
14927,1059.1,1063.1
14928,1059.6,1063.6
14929,1059.8,1063.8
14930,1059.9,1063.9
14931,1060.5,1066.5
14932,1060.8,1066.8
14933,1059.8,1064.8
14934,1058.8,1062.8
14935,1058.8,1062.8
14936,1059.2,1063.2
14937,1059.2,1063.2
14938,1058.0,1064.0
14939,1058.2,1063.2
14940,1057.6,1061.6
14941,1058.2,1062.2
14942,1058.2,1062.2
14943,1058.5,1062.5
14944,1059.2,1064.2
14945,1060.4,1064.4
14946,1060.0,1064.0
14947,1048.6,1063.6
14948,1048.4,1052.4
14949,1049.0,1053.0
14950,1047.3,1052.3
14951,1046.9,1050.9
14952,1047.0,1051.0
14953,1047.0,1051.0
14954,1047.0,1051.0
14955,1047.2,1052.2
14956,1048.2,1052.2
14957,1048.5,1052.5
14958,1049.4,1053.4
14959,1049.9,1053.9
14960,1049.9,1053.9
14961,1049.0,1054.0
14962,1048.7,1053.7
14963,1050.2,1054.2
14964,1050.7,1054.7
14965,1050.2,1057.2
14966,1053.2,1057.2
14967,1053.3,1057.3
14968,1054.2,1059.2
14969,1054.4,1058.4
14970,1053.5,1058.5
14971,1053.4,1057.4
14972,1051.7,1057.7
14973,1051.8,1055.8
14974,1052.0,1056.0
14975,1051.6,1057.6
14976,1053.9,1057.9
14977,1054.3,1058.3
14978,1054.1,1058.1
14979,1053.8,1057.8
14980,1054.1,1061.1
14981,1057.5,1062.5
14982,1059.2,1065.2
14983,1061.5,1065.5
14984,1061.4,1065.4
14985,1061.5,1067.5
14986,1063.6,1068.6
14987,1065.0,1070.0
14988,1066.4,1070.4
14989,1062.4,1070.4
14990,1062.3,1067.3
14991,1064.0,1069.0
14992,1065.8,1069.8
14993,1065.2,1069.2
14994,1065.8,1071.8
14995,1068.0,1072.0
14996,1068.0,1072.0
14997,1068.0,1073.0
14998,1069.1,1073.1
14999,1067.8,1073.8
15000,1066.8,1070.8
15001,1065.8,1070.8
15002,1064.6,1069.6
15003,1064.2,1070.2
15004,1067.2,1071.2
15005,1066.0,1071.0
15006,1061.5,1069.5
15007,1061.0,1066.0
15008,1062.3,1066.3
15009,1061.5,1065.5
15010,1060.4,1065.4
15011,1060.0,1064.0
15012,1057.8,1063.8
15013,1057.2,1061.2
15014,1057.2,1061.2
15015,1055.5,1060.5
15016,1054.8,1058.8
15017,1054.8,1058.8
15018,1054.8,1058.8
15019,1054.8,1058.8
15020,1054.2,1058.2
15021,1054.1,1058.1
15022,1052.1,1058.1
15023,1049.7,1055.7
15024,1048.5,1053.5
15025,1047.6,1051.6
15026,1047.8,1051.8
15027,1047.6,1051.6
15028,1047.8,1052.8
15029,1049.2,1053.2
15030,1049.2,1053.2
15031,1043.5,1052.5
15032,1043.7,1048.7
15033,1045.2,1050.2
15034,1046.7,1050.7
15035,1045.6,1050.6
15036,1045.3,1049.3
15037,1045.1,1049.1
15038,1045.4,1049.4
15039,1045.3,1049.3
15040,1045.4,1049.4
15041,1045.4,1052.4
15042,1048.8,1052.8
15043,1048.4,1052.4
15044,1047.9,1052.9
15045,1047.5,1052.5
15046,1048.8,1052.8
15047,1048.8,1052.8
15048,1048.8,1052.8
15049,1048.9,1052.9
15050,1047.6,1052.6
15051,1047.6,1051.6
15052,1047.6,1051.6
15053,1047.4,1051.4
15054,1047.8,1051.8
15055,1047.3,1051.3
15056,1047.2,1051.2
15057,1047.0,1052.0
15058,1047.0,1051.0
15059,1046.6,1050.6
15060,1046.0,1050.0
15061,1046.0,1050.0
15062,1045.8,1049.8
15063,1045.4,1049.4
15064,1045.4,1049.4
15065,1044.7,1049.7
15066,1044.6,1049.6
15067,1045.0,1050.0
15068,1046.0,1050.0
15069,1046.2,1050.2
15070,1046.5,1050.5
15071,1046.2,1050.2
15072,1047.0,1051.0
15073,1047.0,1051.0
15074,1047.0,1051.0
15075,1047.2,1051.2
15076,1047.2,1051.2
15077,1047.2,1051.2
15078,1047.3,1051.3
15079,1047.3,1051.3
15080,1047.9,1051.9
15081,1047.2,1051.2
15082,1047.6,1051.6
15083,1047.3,1051.3
15084,1047.3,1051.3
15085,1046.6,1050.6
15086,1046.6,1050.6
15087,1046.6,1050.6
15088,1046.8,1052.8
15089,1047.9,1052.9
15090,1047.2,1051.2
15091,1045.3,1051.3
15092,1044.5,1048.5
15093,1045.1,1049.1
15094,1045.1,1050.1
15095,1045.6,1050.6
15096,1044.8,1048.8
15097,1045.3,1050.3
15098,1046.5,1050.5
15099,1046.5,1050.5
15100,1045.5,1050.5
15101,1044.2,1049.2
15102,1043.2,1047.2
15103,1041.5,1047.5
15104,1041.2,1045.2
15105,1041.7,1047.7
15106,1044.2,1048.2
15107,1044.2,1048.2
15108,1044.8,1048.8
15109,1044.8,1054.8
15110,1050.7,1057.7
15111,1052.2,1056.2
15112,1052.5,1056.5
15113,1052.7,1056.7
15114,1052.4,1056.4
15115,1051.4,1056.4
15116,1051.5,1055.5
15117,1051.3,1055.3
15118,1051.6,1055.6
15119,1051.2,1055.2
15120,1051.2,1055.2
15121,1051.8,1055.8
15122,1051.8,1055.8
15123,1051.8,1055.8
15124,1052.5,1056.5
15125,1051.0,1056.0
15126,1050.3,1054.3
15127,1049.3,1054.3
15128,1048.3,1052.3
15129,1047.7,1052.7
15130,1046.5,1051.5
15131,1045.6,1049.6
15132,1046.3,1050.3
15133,1046.3,1052.3
15134,1048.4,1052.4
15135,1047.5,1051.5
15136,1047.4,1054.4
15137,1050.2,1056.2
15138,1050.3,1055.3
15139,1048.8,1053.8
15140,1048.2,1055.2
15141,1051.4,1055.4
15142,1051.8,1055.8
15143,1052.2,1056.2
15144,1052.2,1056.2
15145,1052.3,1058.3
15146,1049.3,1058.3
15147,1048.4,1053.4
15148,1050.3,1054.3
15149,1050.2,1054.2
15150,1049.9,1054.9
15151,1049.4,1054.4
15152,1049.2,1053.2
15153,1048.7,1052.7
15154,1048.0,1052.0
15155,1048.0,1052.0
15156,1048.0,1052.0
15157,1048.0,1052.0
15158,1047.9,1051.9
15159,1048.6,1053.6
15160,1049.8,1053.8
15161,1049.4,1053.4
15162,1049.6,1054.6
15163,1051.5,1055.5
15164,1051.5,1055.5
15165,1051.5,1055.5
15166,1049.2,1055.2
15167,1048.6,1056.6
15168,1053.4,1057.4
15169,1052.5,1057.5
15170,1052.5,1059.5
15171,1056.0,1060.0
15172,1055.5,1059.5
15173,1055.5,1059.5
15174,1055.1,1059.1
15175,1055.1,1059.1
15176,1054.2,1058.2
15177,1052.3,1058.3
15178,1052.0,1056.0
15179,1052.2,1056.2
15180,1051.6,1055.6
15181,1051.5,1055.5
15182,1051.5,1055.5
15183,1051.5,1055.5
15184,1050.9,1056.9
15185,1049.0,1057.0
15186,1049.8,1054.8
15187,1051.4,1055.4
15188,1050.6,1055.6
15189,1051.7,1055.7
15190,1051.1,1055.1
15191,1050.5,1054.5
15192,1050.4,1054.4
15193,1050.3,1054.3
15194,1050.8,1054.8
15195,1050.8,1056.8
15196,1052.5,1059.5
15197,1054.8,1058.8
15198,1053.0,1058.0
15199,1052.2,1056.2
15200,1052.8,1056.8
15201,1052.8,1056.8
15202,1051.6,1056.6
15203,1047.6,1055.6
15204,1046.4,1051.4
15205,1046.2,1050.2
15206,1046.6,1050.6
15207,1046.3,1050.3
15208,1045.8,1049.8
15209,1045.2,1049.2
15210,1044.4,1049.4
15211,1044.7,1049.7
15212,1042.3,1048.3
15213,1041.3,1045.3
15214,1041.7,1045.7
15215,1041.2,1045.2
15216,1041.2,1046.2
15217,1041.1,1047.1
15218,1040.5,1044.5
15219,1040.4,1047.4
15220,1043.6,1047.6
15221,1042.8,1046.8
15222,1041.5,1046.5
15223,1041.0,1045.0
15224,1041.0,1045.0
15225,1040.9,1044.9
15226,1040.8,1044.8
15227,1040.8,1044.8
15228,1035.0,1044.0
15229,1035.4,1039.4
15230,1035.3,1039.3
15231,1035.2,1039.2
15232,1034.3,1038.3
15233,1035.0,1040.0
15234,1036.3,1041.3
15235,1038.1,1042.1
15236,1038.2,1042.2
15237,1038.5,1042.5
15238,1038.8,1042.8
15239,1039.3,1044.3
15240,1040.3,1044.3
15241,1041.0,1045.0
15242,1041.0,1046.0
15243,1042.1,1046.1
15244,1042.1,1047.1
15245,1043.1,1047.1
15246,1043.4,1047.4
15247,1043.4,1047.4
15248,1043.4,1047.4
15249,1042.8,1046.8
15250,1041.5,1046.5
15251,1041.1,1045.1
15252,1041.4,1045.4
15253,1040.5,1044.5
15254,1040.6,1044.6
15255,1040.6,1044.6
15256,1040.2,1044.2
15257,1039.2,1044.2
15258,1037.5,1042.5
15259,1037.5,1041.5
15260,1036.8,1040.8
15261,1034.6,1040.6
15262,1034.2,1041.2
15263,1037.6,1041.6
15264,1037.6,1041.6
15265,1038.0,1042.0
15266,1037.9,1041.9
15267,1037.4,1041.4
15268,1037.4,1041.4
15269,1037.5,1041.5
15270,1036.7,1040.7
15271,1036.7,1040.7
15272,1035.9,1040.9
15273,1035.2,1039.2
15274,1035.3,1039.3
15275,1035.3,1039.3
15276,1035.3,1040.3
15277,1036.4,1041.4
15278,1036.3,1042.3
15279,1036.3,1040.3
15280,1036.3,1040.3
15281,1036.2,1040.2
15282,1036.2,1043.2
15283,1039.3,1043.3
15284,1040.2,1044.2
15285,1040.0,1044.0
15286,1040.2,1044.2
15287,1040.4,1044.4
15288,1040.0,1045.0
15289,1039.8,1043.8
15290,1039.4,1043.4
15291,1039.2,1044.2
15292,1041.1,1045.1
15293,1040.5,1045.5
15294,1040.9,1044.9
15295,1040.9,1044.9
15296,1040.6,1045.6
15297,1041.9,1045.9
15298,1042.0,1046.0
15299,1040.8,1046.8
15300,1040.6,1044.6
15301,1039.1,1044.1
15302,1037.8,1042.8
15303,1036.8,1041.8
15304,1036.0,1042.0
15305,1037.5,1041.5
15306,1037.0,1041.0
15307,1036.5,1041.5
15308,1037.5,1042.5
15309,1038.4,1042.4
15310,1038.0,1042.0
15311,1038.4,1042.4
15312,1038.4,1043.4
15313,1039.4,1045.4
15314,1041.6,1049.6
15315,1045.8,1049.8
15316,1046.0,1050.0
15317,1045.9,1049.9
15318,1046.8,1050.8
15319,1046.4,1050.4
15320,1045.6,1051.6
15321,1047.2,1051.2
15322,1047.2,1051.2
15323,1046.6,1050.6
15324,1046.5,1051.5
15325,1047.6,1051.6
15326,1048.2,1052.2
15327,1047.2,1055.2
15328,1052.2,1056.2
15329,1051.7,1056.7
15330,1051.4,1056.4
15331,1052.5,1056.5
15332,1052.2,1056.2
15333,1052.2,1056.2
15334,1052.2,1056.2
15335,1052.1,1056.1
15336,1052.1,1056.1
15337,1052.3,1056.3
15338,1052.3,1056.3
15339,1052.4,1056.4
15340,1052.4,1057.4
15341,1053.8,1057.8
15342,1052.9,1057.9
15343,1051.5,1056.5
15344,1051.2,1055.2
15345,1051.8,1055.8
15346,1051.4,1055.4
15347,1051.1,1056.1
15348,1050.3,1055.3
15349,1051.5,1055.5
15350,1051.5,1055.5
15351,1051.4,1055.4
15352,1049.8,1056.8
15353,1050.2,1054.2
15354,1050.0,1055.0
15355,1051.0,1055.0
15356,1051.2,1056.2
15357,1052.3,1056.3
15358,1053.0,1057.0
15359,1053.2,1057.2
15360,1053.5,1057.5
15361,1053.7,1057.7
15362,1053.4,1057.4
15363,1051.4,1057.4
15364,1051.0,1055.0
15365,1051.0,1055.0
15366,1050.4,1054.4
15367,1050.3,1059.3
15368,1056.2,1060.2
15369,1053.2,1060.2
15370,1053.2,1057.2
15371,1053.2,1058.2
15372,1054.5,1058.5
15373,1052.8,1058.8
15374,1052.6,1056.6
15375,1052.3,1056.3
15376,1049.5,1055.5
15377,1049.4,1053.4
15378,1049.5,1053.5
15379,1048.8,1052.8
15380,1048.0,1052.0
15381,1047.2,1051.2
15382,1046.7,1050.7
15383,1046.7,1050.7
15384,1046.8,1050.8
15385,1046.8,1050.8
15386,1046.7,1053.7
15387,1044.6,1054.6
15388,1044.4,1048.4
15389,1043.3,1048.3
15390,1043.3,1047.3
15391,1043.0,1047.0
15392,1043.2,1047.2
15393,1043.7,1047.7
15394,1043.2,1047.2
15395,1040.7,1047.7
15396,1040.3,1044.3
15397,1039.3,1044.3
15398,1037.9,1042.9
15399,1037.3,1042.3
15400,1039.2,1047.2
15401,1043.2,1047.2
15402,1043.2,1047.2
15403,1042.0,1049.0
15404,1044.0,1048.0
15405,1043.2,1050.2
15406,1045.0,1049.0
15407,1045.5,1049.5
15408,1045.2,1049.2
15409,1045.6,1049.6
15410,1046.2,1050.2
15411,1046.0,1052.0
15412,1048.5,1052.5
15413,1048.5,1052.5
15414,1048.4,1052.4
15415,1048.2,1052.2
15416,1048.2,1052.2
15417,1047.8,1051.8
15418,1048.2,1056.2
15419,1052.6,1056.6
15420,1052.2,1056.2
15421,1052.2,1056.2
15422,1051.5,1055.5
15423,1051.0,1057.0
15424,1053.5,1057.5
15425,1053.2,1058.2
15426,1052.5,1056.5
15427,1052.2,1056.2
15428,1051.7,1055.7
15429,1051.5,1056.5
15430,1052.0,1060.0
15431,1056.3,1061.3
15432,1056.0,1061.0
15433,1055.9,1059.9
15434,1055.0,1059.0
15435,1055.0,1059.0
15436,1055.0,1059.0
15437,1056.0,1060.0
15438,1054.2,1059.2
15439,1054.0,1058.0
15440,1053.9,1057.9
15441,1054.5,1058.5
15442,1054.8,1058.8
15443,1055.4,1059.4
15444,1055.6,1059.6
15445,1054.9,1058.9
15446,1054.8,1059.8
15447,1054.8,1058.8
15448,1055.6,1059.6
15449,1054.8,1058.8
15450,1050.7,1059.7
15451,1050.7,1054.7
15452,1049.0,1054.0
15453,1048.7,1055.7
15454,1052.0,1057.0
15455,1053.4,1057.4
15456,1053.5,1061.5
15457,1058.1,1062.1
15458,1058.8,1062.8
15459,1059.2,1063.2
15460,1059.2,1064.2
15461,1060.2,1064.2
15462,1059.9,1063.9
15463,1060.4,1065.4
15464,1061.8,1065.8
15465,1060.8,1065.8
15466,1060.8,1064.8
15467,1060.8,1064.8
15468,1060.0,1064.0
15469,1059.6,1064.6
15470,1058.8,1063.8
15471,1060.1,1064.1
15472,1059.3,1063.3
15473,1059.3,1063.3
15474,1059.3,1063.3
15475,1059.3,1064.3
15476,1054.0,1065.0
15477,1052.1,1058.1
15478,1051.2,1055.2
15479,1051.8,1055.8
15480,1051.5,1057.5
15481,1054.1,1059.1
15482,1055.7,1059.7
15483,1056.4,1060.4
15484,1054.1,1061.1
15485,1054.0,1058.0
15486,1054.0,1058.0
15487,1052.0,1058.0
15488,1050.7,1055.7
15489,1049.8,1054.8
15490,1049.3,1056.3
15491,1053.2,1057.2
15492,1053.2,1059.2
15493,1055.2,1059.2
15494,1054.2,1059.2
15495,1053.5,1057.5
15496,1053.6,1057.6
15497,1053.6,1057.6
15498,1053.2,1057.2
15499,1052.8,1056.8
15500,1052.8,1057.8
15501,1053.8,1058.8
15502,1055.2,1059.2
15503,1054.2,1058.2
15504,1054.2,1060.2
15505,1056.5,1060.5
15506,1056.2,1061.2
15507,1053.3,1059.3
15508,1053.0,1059.0
15509,1054.3,1061.3
15510,1054.9,1059.9
15511,1054.6,1058.6
15512,1054.2,1058.2
15513,1053.9,1057.9
15514,1053.6,1057.6
15515,1051.5,1057.5
15516,1050.8,1054.8
15517,1050.8,1054.8
15518,1051.2,1055.2
15519,1050.8,1054.8
15520,1051.0,1055.0
15521,1048.0,1055.0
15522,1047.4,1051.4
15523,1047.4,1052.4
15524,1048.9,1052.9
15525,1049.2,1053.2
15526,1049.8,1054.8
15527,1050.2,1055.2
15528,1050.5,1054.5
15529,1050.0,1055.0
15530,1044.4,1053.4
15531,1044.7,1048.7
15532,1044.7,1048.7
15533,1045.0,1049.0
15534,1044.2,1049.2
15535,1046.2,1050.2
15536,1045.2,1050.2
15537,1045.2,1049.2
15538,1045.2,1049.2
15539,1045.5,1050.5
15540,1046.4,1051.4
15541,1047.8,1051.8
15542,1047.8,1051.8
15543,1047.5,1051.5
15544,1047.2,1051.2
15545,1047.5,1051.5
15546,1047.2,1053.2
15547,1047.3,1053.3
15548,1047.1,1056.1
15549,1053.0,1057.0
15550,1053.0,1057.0
15551,1051.5,1056.5
15552,1051.4,1055.4
15553,1050.8,1054.8
15554,1050.3,1054.3
15555,1050.3,1054.3
15556,1049.6,1055.6
15557,1052.2,1056.2
15558,1051.8,1055.8
15559,1051.0,1055.0
15560,1051.3,1055.3
15561,1050.9,1055.9
15562,1051.2,1055.2
15563,1050.8,1056.8
15564,1053.2,1057.2
15565,1050.8,1056.8
15566,1047.6,1054.6
15567,1046.4,1051.4
15568,1046.1,1051.1
15569,1048.0,1052.0
15570,1048.4,1052.4
15571,1048.6,1052.6
15572,1048.4,1052.4
15573,1048.2,1052.2
15574,1048.4,1052.4
15575,1048.1,1052.1
15576,1046.5,1051.5
15577,1043.7,1049.7
15578,1043.7,1047.7
15579,1044.3,1049.3
15580,1043.3,1049.3
15581,1043.0,1047.0
15582,1042.0,1047.0
15583,1041.9,1047.9
15584,1044.4,1048.4
15585,1044.3,1048.3
15586,1044.5,1048.5
15587,1045.3,1049.3
15588,1044.0,1049.0
15589,1043.3,1051.3
15590,1047.3,1051.3
15591,1048.2,1052.2
15592,1046.3,1052.3
15593,1046.2,1050.2
15594,1046.2,1050.2
15595,1046.4,1051.4
15596,1046.2,1051.2
15597,1046.1,1050.1
15598,1044.4,1049.4
15599,1044.2,1048.2
15600,1042.2,1048.2
15601,1042.0,1046.0
15602,1042.3,1046.3
15603,1042.3,1046.3
15604,1043.0,1047.0
15605,1042.4,1046.4
15606,1042.4,1046.4
15607,1042.6,1046.6
15608,1043.3,1047.3
15609,1043.8,1047.8
15610,1043.9,1047.9
15611,1043.9,1047.9
15612,1043.5,1053.5
15613,1047.8,1053.8
15614,1047.2,1053.2
15615,1049.5,1053.5
15616,1049.5,1053.5
15617,1048.6,1052.6
15618,1047.0,1053.0
15619,1046.9,1050.9
15620,1047.2,1051.2
15621,1047.3,1051.3
15622,1046.5,1050.5
15623,1045.5,1050.5
15624,1045.2,1049.2
15625,1044.6,1049.6
15626,1043.6,1048.6
15627,1045.0,1049.0
15628,1045.0,1054.0
15629,1046.6,1054.6
15630,1045.7,1051.7
15631,1047.2,1051.2
15632,1047.2,1051.2
15633,1046.4,1051.4
15634,1047.5,1052.5
15635,1047.5,1052.5
15636,1047.4,1051.4
15637,1047.4,1051.4
15638,1048.0,1052.0
15639,1047.1,1051.1
15640,1046.4,1051.4
15641,1045.5,1049.5
15642,1045.0,1049.0
15643,1045.2,1049.2
15644,1044.7,1048.7
15645,1044.0,1048.0
15646,1043.4,1047.4
15647,1043.5,1047.5
15648,1042.7,1047.7
15649,1042.7,1046.7
15650,1042.4,1046.4
15651,1039.7,1045.7
15652,1040.3,1044.3
15653,1040.8,1044.8
15654,1040.8,1054.8
15655,1051.3,1055.3
15656,1051.5,1055.5
15657,1052.1,1056.1
15658,1052.2,1057.2
15659,1054.2,1059.2
15660,1055.3,1065.3
15661,1062.3,1066.3
15662,1060.3,1066.3
15663,1058.2,1064.2
15664,1056.6,1061.6
15665,1056.5,1060.5
15666,1055.8,1059.8
15667,1054.5,1059.5
15668,1055.0,1059.0
15669,1055.0,1061.0
15670,1057.0,1061.0
15671,1055.8,1060.8
15672,1055.8,1059.8
15673,1055.5,1059.5
15674,1055.5,1059.5
15675,1055.4,1059.4
15676,1055.5,1059.5
15677,1054.8,1058.8
15678,1054.8,1058.8
15679,1055.2,1064.2
15680,1060.7,1064.7
15681,1060.6,1064.6
15682,1060.6,1065.6
15683,1061.5,1065.5
15684,1061.6,1065.6
15685,1061.6,1065.6
15686,1062.2,1066.2
15687,1061.2,1066.2
15688,1060.6,1064.6
15689,1060.5,1065.5
15690,1061.8,1065.8
15691,1058.6,1065.6
15692,1058.0,1062.0
15693,1057.3,1062.3
15694,1059.0,1063.0
15695,1059.0,1063.0
15696,1058.5,1063.5
15697,1060.0,1064.0
15698,1059.1,1064.1
15699,1057.2,1062.2
15700,1056.7,1060.7
15701,1055.6,1060.6
15702,1054.8,1058.8
15703,1054.6,1058.6
15704,1054.3,1058.3
15705,1054.2,1061.2
15706,1057.2,1061.2
15707,1055.3,1060.3
15708,1054.6,1058.6
15709,1054.6,1058.6
15710,1051.2,1058.2
15711,1049.9,1054.9
15712,1049.8,1054.8
15713,1051.2,1055.2
15714,1051.3,1056.3
15715,1051.8,1057.8
15716,1051.8,1057.8
15717,1050.3,1055.3
15718,1049.6,1053.6
15719,1049.3,1053.3
15720,1050.1,1055.1
15721,1051.2,1055.2
15722,1047.0,1056.0
15723,1046.0,1051.0
15724,1047.6,1051.6
15725,1048.0,1052.0
15726,1048.3,1052.3
15727,1048.3,1052.3
15728,1047.3,1052.3
15729,1046.8,1050.8
15730,1046.6,1051.6
15731,1047.6,1051.6
15732,1047.5,1051.5
15733,1048.1,1052.1
15734,1048.1,1054.1
15735,1050.3,1054.3
15736,1050.1,1054.1
15737,1050.1,1056.1
15738,1052.2,1056.2
15739,1052.2,1056.2
15740,1051.7,1055.7
15741,1052.3,1057.3
15742,1052.7,1057.7
15743,1051.4,1056.4
15744,1051.2,1055.2
15745,1051.0,1056.0
15746,1051.4,1056.4
15747,1051.0,1055.0
15748,1050.6,1055.6
15749,1051.6,1055.6
15750,1050.6,1055.6
15751,1050.4,1054.4
15752,1051.4,1055.4
15753,1050.8,1054.8
15754,1050.5,1054.5
15755,1050.5,1054.5
15756,1050.2,1056.2
15757,1052.3,1056.3
15758,1052.5,1058.5
15759,1055.5,1060.5
15760,1056.6,1060.6
15761,1056.0,1061.0
15762,1055.6,1059.6
15763,1056.4,1060.4
15764,1056.4,1060.4
15765,1056.4,1060.4
15766,1056.5,1060.5
15767,1056.4,1061.4
15768,1057.5,1061.5
15769,1056.6,1061.6
15770,1057.0,1062.0
15771,1056.5,1060.5
15772,1056.5,1062.5
15773,1058.6,1063.6
15774,1060.2,1064.2
15775,1059.2,1064.2
15776,1058.0,1063.0
15777,1058.2,1062.2
15778,1058.2,1063.2
15779,1059.2,1063.2
15780,1057.5,1063.5
15781,1057.5,1061.5
15782,1057.3,1061.3
15783,1058.0,1063.0
15784,1059.4,1063.4
15785,1059.4,1063.4
15786,1058.4,1063.4
15787,1058.0,1063.0
15788,1059.5,1063.5
15789,1058.5,1063.5
15790,1057.9,1061.9
15791,1058.3,1062.3
15792,1056.2,1062.2
15793,1056.3,1060.3
15794,1055.4,1059.4
15795,1055.3,1059.3
15796,1055.3,1060.3
15797,1057.2,1064.2
15798,1060.9,1064.9
15799,1061.0,1065.0
15800,1061.1,1065.1
15801,1061.1,1065.1
15802,1061.2,1065.2
15803,1061.2,1065.2
15804,1060.6,1064.6
15805,1060.6,1064.6
15806,1060.6,1064.6
15807,1059.7,1063.7
15808,1057.3,1064.3
15809,1057.2,1062.2
15810,1055.4,1062.4
15811,1055.6,1059.6
15812,1055.7,1059.7
15813,1056.2,1061.2
15814,1057.3,1064.3
15815,1060.3,1064.3
15816,1060.3,1064.3
15817,1059.5,1063.5
15818,1059.5,1063.5
15819,1060.1,1064.1
15820,1060.1,1064.1
15821,1057.8,1063.8
15822,1057.0,1061.0
15823,1057.5,1061.5
15824,1058.3,1062.3
15825,1058.3,1063.3
15826,1059.4,1063.4
15827,1060.2,1065.2
15828,1061.2,1065.2
15829,1061.0,1068.0
15830,1064.6,1069.6
15831,1064.7,1069.7
15832,1064.6,1068.6
15833,1064.0,1068.0
15834,1050.5,1067.5
15835,1049.4,1054.4
15836,1048.1,1054.1
15837,1049.0,1053.0
15838,1049.4,1053.4
15839,1049.4,1053.4
15840,1046.8,1054.8
15841,1045.4,1052.4
15842,1042.7,1048.7
15843,1040.0,1046.0
15844,1039.5,1043.5
15845,1037.2,1043.2
15846,1037.0,1041.0
15847,1036.5,1040.5
15848,1036.6,1043.6
15849,1040.3,1044.3
15850,1040.9,1044.9
15851,1040.0,1044.0
15852,1038.8,1043.8
15853,1038.4,1042.4
15854,1038.2,1045.2
15855,1041.4,1045.4
15856,1041.9,1045.9
15857,1041.9,1045.9
15858,1041.2,1046.2
15859,1042.4,1046.4
15860,1043.0,1047.0
15861,1042.4,1046.4
15862,1041.4,1046.4
15863,1041.2,1046.2
15864,1042.5,1046.5
15865,1043.0,1051.0
15866,1047.8,1052.8
15867,1049.4,1054.4
15868,1050.5,1056.5
15869,1052.5,1056.5
15870,1049.5,1056.5
15871,1049.5,1053.5
15872,1049.6,1053.6
15873,1049.0,1053.0
15874,1048.9,1052.9
15875,1049.2,1053.2
15876,1049.2,1053.2
15877,1048.8,1055.8
15878,1052.2,1056.2
15879,1051.7,1057.7
15880,1052.6,1057.6
15881,1052.5,1056.5
15882,1052.0,1057.0
15883,1053.1,1058.1
15884,1054.7,1058.7
15885,1054.2,1058.2
15886,1053.4,1057.4
15887,1053.3,1057.3
15888,1053.3,1057.3
15889,1053.0,1063.0
15890,1059.0,1065.0
15891,1060.0,1065.0
15892,1059.2,1063.2
15893,1059.3,1064.3
15894,1060.2,1064.2
15895,1060.1,1064.1
15896,1059.1,1064.1
15897,1059.0,1063.0
15898,1059.0,1063.0
15899,1057.9,1062.9
15900,1057.8,1061.8
15901,1057.2,1064.2
15902,1060.2,1064.2
15903,1060.5,1064.5
15904,1059.5,1064.5
15905,1058.8,1062.8
15906,1058.8,1062.8
15907,1059.2,1063.2
15908,1059.1,1063.1
15909,1059.1,1063.1
15910,1059.2,1063.2
15911,1059.2,1063.2
15912,1056.8,1062.8
15913,1056.3,1060.3
15914,1056.1,1063.1
15915,1056.4,1063.4
15916,1056.2,1061.2
15917,1056.5,1060.5
15918,1056.1,1060.1
15919,1056.1,1060.1
15920,1056.3,1060.3
15921,1055.4,1059.4
15922,1055.6,1059.6
15923,1055.2,1059.2
15924,1055.6,1059.6
15925,1055.7,1059.7
15926,1051.2,1060.2
15927,1050.9,1055.9
15928,1050.2,1056.2
15929,1049.3,1053.3
15930,1049.4,1053.4
15931,1049.4,1054.4
15932,1051.2,1055.2
15933,1051.3,1056.3
15934,1052.5,1056.5
15935,1051.8,1055.8
15936,1051.8,1055.8
15937,1051.8,1055.8
15938,1052.6,1056.6
15939,1052.3,1056.3
15940,1051.7,1056.7
15941,1049.2,1055.2
15942,1048.6,1052.6
15943,1048.6,1053.6
15944,1050.0,1054.0
15945,1049.5,1054.5
15946,1048.2,1053.2
15947,1048.2,1052.2
15948,1047.3,1051.3
15949,1047.3,1052.3
15950,1048.4,1052.4
15951,1048.3,1052.3
15952,1048.4,1053.4
15953,1049.8,1054.8
15954,1051.0,1057.0
15955,1053.4,1057.4
15956,1053.4,1062.4
15957,1059.1,1064.1
15958,1060.6,1064.6
15959,1060.0,1070.0
15960,1066.8,1070.8
15961,1066.4,1070.4
15962,1066.0,1070.0
15963,1066.6,1070.6
15964,1066.6,1070.6
15965,1061.6,1070.6
15966,1062.5,1066.5
15967,1060.8,1066.8
15968,1061.8,1065.8
15969,1061.0,1065.0
15970,1061.8,1065.8
15971,1062.2,1066.2
15972,1060.2,1066.2
15973,1060.6,1065.6
15974,1062.0,1066.0
15975,1062.2,1067.2
15976,1063.8,1067.8
15977,1063.6,1067.6
15978,1062.6,1067.6
15979,1062.1,1066.1
15980,1061.5,1067.5
15981,1062.5,1066.5
15982,1062.6,1066.6
15983,1062.0,1067.0
15984,1061.6,1065.6
15985,1062.0,1066.0
15986,1059.0,1066.0
15987,1058.4,1062.4
15988,1059.0,1064.0
15989,1060.8,1064.8
15990,1059.8,1063.8
15991,1059.8,1066.8
15992,1059.2,1067.2
15993,1060.3,1064.3
15994,1060.0,1064.0
15995,1058.0,1064.0
15996,1057.4,1061.4
15997,1056.0,1061.0
15998,1051.6,1059.6
15999,1051.5,1055.5
16000,1051.8,1055.8
16001,1052.4,1056.4
16002,1052.0,1056.0
16003,1052.0,1056.0
16004,1052.6,1056.6
16005,1052.6,1056.6
16006,1051.3,1058.3
16007,1053.4,1058.4
16008,1054.4,1059.4
16009,1054.4,1058.4
16010,1053.4,1058.4
16011,1053.2,1057.2
16012,1052.2,1057.2
16013,1051.6,1055.6
16014,1051.8,1055.8
16015,1051.1,1058.1
16016,1053.3,1058.3
16017,1052.2,1057.2
16018,1052.4,1056.4
16019,1052.3,1056.3
16020,1051.8,1055.8
16021,1051.6,1055.6
16022,1052.0,1056.0
16023,1052.3,1060.3
16024,1056.7,1061.7
16025,1056.4,1062.4
16026,1057.2,1063.2
16027,1059.8,1063.8
16028,1060.0,1064.0
16029,1060.0,1064.0
16030,1059.8,1064.8
16031,1060.8,1064.8
16032,1060.0,1065.0
16033,1059.8,1065.8
16034,1061.8,1065.8
16035,1061.0,1066.0
16036,1062.8,1068.8
16037,1065.2,1070.2
16038,1065.7,1070.7
16039,1064.2,1069.2
16040,1063.7,1067.7
16041,1063.3,1067.3
16042,1062.8,1067.8
16043,1060.6,1066.6
16044,1059.6,1063.6
16045,1059.3,1063.3
16046,1058.2,1063.2
16047,1058.8,1062.8
16048,1059.5,1063.5
16049,1056.8,1062.8
16050,1056.8,1061.8
16051,1057.8,1061.8
16052,1057.8,1061.8
16053,1057.6,1061.6
16054,1058.3,1062.3
16055,1058.1,1062.1
16056,1059.0,1063.0
16057,1059.8,1063.8
16058,1060.3,1064.3
16059,1059.4,1063.4
16060,1059.4,1063.4
16061,1058.4,1063.4
16062,1057.6,1061.6
16063,1057.8,1061.8
16064,1057.7,1062.7
16065,1059.3,1063.3
16066,1059.0,1063.0
16067,1058.7,1063.7
16068,1060.0,1064.0
16069,1059.0,1064.0
16070,1058.2,1062.2
16071,1058.0,1063.0
16072,1056.4,1063.4
16073,1058.0,1062.0
16074,1058.0,1062.0
16075,1058.3,1062.3
16076,1057.8,1061.8
16077,1058.2,1062.2
16078,1056.4,1061.4
16079,1056.3,1060.3
16080,1055.6,1059.6
16081,1052.6,1059.6
16082,1052.2,1056.2
16083,1049.8,1055.8
16084,1049.6,1053.6
16085,1050.2,1054.2
16086,1049.8,1053.8
16087,1049.0,1055.0
16088,1049.8,1053.8
16089,1050.8,1054.8
16090,1050.6,1054.6
16091,1051.2,1055.2
16092,1050.4,1054.4
16093,1049.5,1053.5
16094,1050.0,1054.0
16095,1049.7,1053.7
16096,1049.9,1054.9
16097,1051.5,1055.5
16098,1051.0,1056.0
16099,1052.0,1056.0
16100,1052.0,1057.0
16101,1053.0,1057.0
16102,1053.0,1057.0
16103,1052.3,1057.3
16104,1054.0,1058.0
16105,1054.0,1058.0
16106,1050.4,1058.4
16107,1050.2,1054.2
16108,1050.2,1054.2
16109,1049.8,1053.8
16110,1050.0,1054.0
16111,1048.8,1053.8
16112,1048.8,1053.8
16113,1049.8,1053.8
16114,1050.4,1054.4
16115,1049.4,1054.4
16116,1049.2,1053.2
16117,1050.0,1054.0
16118,1049.8,1053.8
16119,1049.8,1054.8
16120,1050.8,1054.8
16121,1050.7,1054.7
16122,1049.0,1056.0
16123,1050.1,1054.1
16124,1050.0,1054.0
16125,1050.7,1054.7
16126,1050.7,1056.7
16127,1052.6,1056.6
16128,1050.2,1056.2
16129,1049.2,1054.2
16130,1048.8,1052.8
16131,1048.8,1052.8
16132,1048.8,1052.8
16133,1040.8,1053.8
16134,1042.2,1047.2
16135,1043.0,1048.0
16136,1041.8,1046.8
16137,1041.8,1045.8
16138,1041.8,1045.8
16139,1042.5,1046.5
16140,1042.2,1046.2
16141,1040.4,1046.4
16142,1041.2,1045.2
16143,1041.6,1045.6
16144,1042.0,1046.0
16145,1042.2,1046.2
16146,1042.2,1046.2
16147,1041.1,1046.1
16148,1039.2,1044.2
16149,1038.8,1042.8
16150,1037.8,1042.8
16151,1037.4,1041.4
16152,1036.3,1041.3
16153,1034.4,1039.4
16154,1033.3,1038.3
16155,1030.6,1036.6
16156,1030.0,1034.0
16157,1030.6,1035.6
16158,1030.8,1035.8
16159,1029.8,1033.8
16160,1028.8,1033.8
16161,1028.7,1032.7
16162,1027.6,1032.6
16163,1027.4,1032.4
16164,1028.8,1032.8
16165,1028.5,1032.5
16166,1028.6,1032.6
16167,1028.8,1033.8
16168,1030.5,1034.5
16169,1026.5,1034.5
16170,1026.0,1030.0
16171,1024.2,1029.2
16172,1024.4,1029.4
16173,1024.9,1029.9
16174,1023.8,1028.8
16175,1023.4,1027.4
16176,1023.2,1027.2
16177,1023.0,1027.0
16178,1021.8,1027.8
16179,1021.2,1025.2
16180,1020.8,1024.8
16181,1019.8,1024.8
16182,1020.1,1024.1
16183,1020.0,1028.0
16184,1022.8,1028.8
16185,1020.8,1025.8
16186,1020.8,1025.8
16187,1022.8,1026.8
16188,1022.8,1026.8
16189,1023.4,1027.4
16190,1023.2,1027.2
16191,1022.2,1027.2
16192,1022.7,1026.7
16193,1020.7,1026.7
16194,1020.1,1024.1
16195,1020.1,1027.1
16196,1023.1,1027.1
16197,1021.8,1026.8
16198,1021.1,1025.1
16199,1020.8,1025.8
16200,1022.0,1026.0
16201,1022.3,1026.3
16202,1022.2,1026.2
16203,1022.6,1026.6
16204,1022.7,1026.7
16205,1022.7,1026.7
16206,1021.9,1025.9
16207,1018.9,1025.9
16208,1017.9,1022.9
16209,1017.2,1021.2
16210,1017.2,1021.2
16211,1016.5,1020.5
16212,1013.6,1019.6
16213,1012.8,1016.8
16214,1011.0,1017.0
16215,1010.1,1016.1
16216,1012.4,1016.4
16217,1011.9,1016.9
16218,1013.8,1018.8
16219,1014.9,1018.9
16220,1014.0,1018.0
16221,1014.2,1018.2
16222,1014.3,1018.3
16223,1014.5,1018.5
16224,1015.0,1019.0
16225,1015.4,1019.4
16226,1015.4,1019.4
16227,1015.0,1019.0
16228,1015.6,1021.6
16229,1018.5,1022.5
16230,1018.4,1022.4
16231,1018.5,1022.5
16232,1016.6,1024.6
16233,1018.8,1022.8
16234,1014.8,1021.8
16235,1015.3,1021.3
16236,1016.2,1022.2
16237,1016.1,1020.1
16238,1016.1,1020.1
16239,1016.1,1020.1
16240,1016.1,1020.1
16241,1016.1,1020.1
16242,1016.2,1020.2
16243,1016.2,1020.2
16244,1014.3,1019.3
16245,1013.6,1017.6
16246,1014.5,1019.5
16247,1015.6,1019.6
16248,1015.6,1019.6
16249,1015.6,1020.6
16250,1016.6,1020.6
16251,1017.0,1021.0
16252,1016.0,1021.0
16253,1015.9,1019.9
16254,1016.4,1020.4
16255,1013.2,1020.2
16256,1012.9,1017.9
16257,1011.4,1017.4
16258,1010.6,1014.6
16259,1008.6,1014.6
16260,1008.5,1012.5
16261,1008.0,1012.0
16262,1008.0,1012.0
16263,1007.8,1011.8
16264,1007.7,1011.7
16265,1007.8,1011.8
16266,1007.4,1011.4
16267,1007.4,1011.4
16268,1007.4,1011.4
16269,1007.4,1012.4
16270,1008.2,1013.2
16271,1008.7,1012.7
16272,1009.4,1016.4
16273,1010.7,1018.7
16274,1011.6,1016.6
16275,1011.6,1015.6
16276,1011.9,1015.9
16277,1008.0,1016.0
16278,1007.4,1011.4
16279,1007.4,1011.4
16280,1006.4,1012.4
16281,1007.4,1011.4
16282,1007.6,1011.6
16283,1007.5,1012.5
16284,1008.7,1012.7
16285,1008.1,1013.1
16286,1007.8,1012.8
16287,1009.3,1013.3
16288,1009.5,1013.5
16289,1009.5,1013.5
16290,1009.9,1013.9
16291,1010.0,1014.0
16292,1009.9,1013.9
16293,1009.0,1013.0
16294,1008.9,1012.9
16295,1009.0,1013.0
16296,1007.0,1013.0
16297,1006.8,1010.8
16298,1006.2,1010.2
16299,1006.0,1010.0
16300,1006.4,1011.4
16301,1007.5,1011.5
16302,1007.4,1011.4
16303,1007.4,1012.4
16304,1008.8,1012.8
16305,1008.5,1012.5
16306,1007.8,1013.8
16307,1008.2,1012.2
16308,1008.4,1012.4
16309,1009.0,1013.0
16310,1007.2,1015.2
16311,1010.6,1014.6
16312,1010.7,1014.7
16313,1010.3,1014.3
16314,1009.6,1013.6
16315,1008.6,1013.6
16316,1008.4,1012.4
16317,1007.8,1011.8
16318,1008.3,1013.3
16319,1009.3,1013.3
16320,1009.1,1013.1
16321,1008.2,1013.2
16322,1007.4,1012.4
16323,1008.8,1012.8
16324,1008.6,1013.6
16325,1009.9,1013.9
16326,1009.4,1013.4
16327,1007.8,1012.8
16328,1001.6,1011.6
16329,1000.8,1005.8
16330,1002.4,1007.4
16331,1003.5,1008.5
16332,1005.1,1009.1
16333,1002.2,1009.2
16334,1001.4,1006.4
16335,1000.4,1006.4
16336,999.8,1003.8
16337,999.8,1004.8
16338,1001.2,1005.2
16339,1001.2,1006.2
16340,1002.4,1006.4
16341,1002.4,1006.4
16342,1000.4,1006.4
16343,996.5,1004.5
16344,996.1,1000.1
16345,996.1,1000.1
16346,996.0,1000.0
16347,996.0,1000.0
16348,995.2,999.2
16349,994.8,1003.8
16350,998.6,1003.6
16351,998.2,1002.2
16352,997.8,1001.8
16353,997.5,1001.5
16354,996.5,1001.5
16355,996.5,1000.5
16356,997.2,1003.2
16357,999.8,1003.8
16358,1000.4,1004.4
16359,1000.6,1004.6
16360,1000.6,1004.6
16361,1001.0,1005.0
16362,1000.2,1007.2
16363,1004.0,1008.0
16364,1004.0,1008.0
16365,1004.0,1008.0
16366,1004.0,1008.0
16367,1000.7,1008.7
16368,1000.4,1005.4
16369,1001.8,1005.8
16370,1001.9,1005.9
16371,1001.5,1006.5
16372,998.2,1006.2
16373,998.0,1002.0
16374,997.8,1001.8
16375,997.8,1001.8
16376,998.8,1002.8
16377,997.4,1002.4
16378,997.4,1001.4
16379,997.4,1001.4
16380,997.7,1003.7
16381,1000.4,1004.4
16382,1000.6,1005.6
16383,1002.4,1009.4
16384,1005.6,1009.6
16385,1003.1,1010.1
16386,1002.5,1007.5
16387,1001.8,1008.8
16388,1005.4,1009.4
16389,1004.4,1008.4
16390,1004.4,1009.4
16391,1003.7,1009.7
16392,1003.2,1007.2
16393,1003.2,1007.2
16394,1003.6,1007.6
16395,1003.0,1008.0
16396,1002.0,1007.0
16397,1000.4,1005.4
16398,1000.6,1006.6
16399,1002.0,1007.0
16400,1001.4,1005.4
16401,1001.5,1005.5
16402,1001.6,1005.6
16403,1001.0,1005.0
16404,1000.0,1005.0
16405,999.6,1003.6
16406,999.6,1003.6
16407,1000.2,1004.2
16408,1000.4,1006.4
16409,1003.4,1007.4
16410,1003.4,1008.4
16411,1003.5,1008.5
16412,1002.6,1006.6
16413,1003.0,1007.0
16414,1003.6,1008.6
16415,1005.4,1009.4
16416,1002.4,1009.4
16417,1002.6,1006.6
16418,1003.4,1008.4
16419,1004.8,1008.8
16420,1003.7,1008.7
16421,1003.1,1009.1
16422,1005.7,1010.7
16423,1007.1,1011.1
16424,1007.7,1011.7
16425,1007.6,1011.6
16426,1007.5,1011.5
16427,1007.5,1011.5
16428,1007.6,1011.6
16429,1008.0,1012.0
16430,1008.1,1012.1
16431,1008.2,1014.2
16432,1008.4,1014.4
16433,1008.2,1012.2
16434,1007.6,1011.6
16435,1007.7,1011.7
16436,1007.2,1012.2
16437,1009.2,1013.2
16438,1009.2,1013.2
16439,1007.2,1013.2
16440,1006.4,1010.4
16441,1006.0,1010.0
16442,1005.7,1009.7
16443,1005.6,1009.6
16444,1005.6,1009.6
16445,1005.2,1009.2
16446,1005.2,1009.2
16447,1004.8,1009.8
16448,1004.6,1008.6
16449,1005.2,1011.2
16450,1005.5,1011.5
16451,1005.4,1009.4
16452,1004.9,1009.9
16453,1004.6,1013.6
16454,1010.4,1014.4
16455,1010.6,1014.6
16456,1007.5,1014.5
16457,1007.4,1011.4
16458,1007.4,1011.4
16459,1007.4,1012.4
16460,1008.8,1013.8
16461,1010.0,1014.0
16462,1009.8,1013.8
16463,1010.0,1015.0
16464,1011.4,1015.4
16465,1011.3,1018.3
16466,1014.5,1018.5
16467,1014.7,1019.7
16468,1016.4,1023.4
16469,1018.4,1023.4
16470,1018.2,1025.2
16471,1018.2,1026.2
16472,1015.6,1021.6
16473,1016.0,1020.0
16474,1015.0,1020.0
16475,1014.3,1018.3
16476,1013.7,1017.7
16477,1013.7,1017.7
16478,1013.7,1017.7
16479,1013.7,1017.7
16480,1013.2,1019.2
16481,1013.8,1018.8
16482,1013.1,1017.1
16483,1014.0,1018.0
16484,1014.1,1019.1
16485,1015.7,1021.7
16486,1018.0,1023.0
16487,1017.5,1023.5
16488,1016.8,1020.8
16489,1017.1,1022.1
16490,1017.3,1022.3
16491,1018.2,1023.2
16492,1019.3,1023.3
16493,1017.0,1023.0
16494,1016.8,1020.8
16495,1016.8,1020.8
16496,1016.8,1020.8
16497,1016.2,1022.2
16498,1017.3,1022.3
16499,1016.7,1020.7
16500,1016.7,1021.7
16501,1017.4,1021.4
16502,1018.0,1022.0
16503,1018.1,1022.1
16504,1018.8,1022.8
16505,1018.8,1022.8
16506,1018.0,1023.0
16507,1017.3,1021.3
16508,1017.8,1022.8
16509,1019.0,1023.0
16510,1020.0,1026.0
16511,1021.7,1026.7
16512,1021.0,1025.0
16513,1019.0,1025.0
16514,1017.9,1022.9
16515,1017.5,1021.5
16516,1016.6,1021.6
16517,1016.6,1022.6
16518,1018.8,1023.8
16519,1020.5,1024.5
16520,1020.0,1024.0
16521,1019.7,1026.7
16522,1023.2,1027.2
16523,1023.0,1027.0
16524,1023.3,1027.3
16525,1023.4,1027.4
16526,1024.0,1028.0
16527,1024.0,1028.0
16528,1021.4,1027.4
16529,1020.2,1025.2
16530,1014.0,1024.0
16531,1013.9,1017.9
16532,1014.2,1018.2
16533,1011.4,1017.4
16534,1010.5,1014.5
16535,1010.2,1014.2
16536,1009.8,1013.8
16537,1010.6,1014.6
16538,1011.2,1015.2
16539,1011.0,1015.0
16540,1010.1,1014.1
16541,1009.4,1013.4
16542,1009.6,1013.6
16543,1009.5,1013.5
16544,1007.5,1013.5
16545,1006.8,1010.8
16546,1006.2,1010.2
16547,1006.4,1010.4
16548,1006.1,1010.1
16549,1006.2,1011.2
16550,1005.8,1010.8
16551,1003.6,1009.6
16552,1003.6,1007.6
16553,1002.2,1007.2
16554,1002.0,1007.0
16555,1003.2,1007.2
16556,1001.8,1007.8
16557,1001.2,1005.2
16558,1002.2,1007.2
16559,1002.3,1007.3
16560,1002.2,1006.2
16561,1002.2,1006.2
16562,1001.5,1005.5
16563,1001.8,1006.8
16564,1002.8,1006.8
16565,1002.8,1007.8
16566,1004.4,1008.4
16567,1003.4,1007.4
16568,1003.5,1008.5
16569,1004.4,1008.4
16570,1004.1,1008.1
16571,1004.2,1008.2
16572,1004.3,1008.3
16573,1004.3,1008.3
16574,1003.3,1008.3
16575,1003.2,1007.2
16576,1003.8,1007.8
16577,1000.0,1007.0
16578,999.5,1003.5
16579,997.4,1003.4
16580,997.1,1001.1
16581,996.1,1001.1
16582,995.9,999.9
16583,995.9,999.9
16584,995.6,999.6
16585,995.6,1002.6
16586,998.9,1002.9
16587,999.3,1003.3
16588,999.0,1003.0
16589,998.6,1003.6
16590,999.9,1003.9
16591,1000.2,1004.2
16592,1000.4,1004.4
16593,1000.3,1005.3
16594,1000.1,1004.1
16595,997.8,1003.8
16596,997.6,1001.6
16597,996.8,1001.8
16598,998.5,1005.5
16599,1000.8,1005.8
16600,998.2,1005.2
16601,998.2,1002.2
16602,998.5,1002.5
16603,999.0,1006.0
16604,1002.4,1006.4
16605,1001.8,1005.8
16606,1000.5,1006.5
16607,1001.2,1005.2
16608,1001.2,1005.2
16609,1001.5,1006.5
16610,1003.0,1007.0
16611,1003.1,1007.1
16612,1003.6,1007.6
16613,1003.0,1007.0
16614,1003.0,1012.0
16615,1007.0,1012.0
16616,1006.5,1010.5
16617,1006.0,1010.0
16618,1004.0,1010.0
16619,1003.8,1007.8
16620,1003.5,1007.5
16621,1003.7,1007.7
16622,1003.7,1007.7
16623,1002.3,1007.3
16624,1002.1,1006.1
16625,1001.1,1006.1
16626,1000.6,1004.6
16627,1000.2,1004.2
16628,1000.0,1004.0
16629,1000.0,1004.0
16630,999.0,1004.0
16631,998.8,1002.8
16632,998.8,1003.8
16633,1000.6,1005.6
16634,1000.8,1005.8
16635,997.0,1004.0
16636,996.6,1000.6
16637,997.2,1001.2
16638,996.6,1001.6
16639,997.8,1004.8
16640,1001.0,1005.0
16641,999.7,1005.7
16642,1000.4,1004.4
16643,1000.4,1004.4
16644,1000.4,1005.4
16645,1001.9,1005.9
16646,1001.9,1005.9
16647,1001.5,1005.5
16648,1002.2,1007.2
16649,1002.2,1007.2
16650,1000.4,1005.4
16651,999.3,1004.3
16652,999.2,1003.2
16653,999.4,1003.4
16654,999.4,1003.4
16655,1000.1,1006.1
16656,1002.5,1006.5
16657,1002.4,1007.4
16658,1002.8,1007.8
16659,1003.8,1007.8
16660,1004.2,1009.2
16661,1006.0,1010.0
16662,1006.4,1010.4
16663,1006.5,1010.5
16664,1007.2,1011.2
16665,1006.4,1010.4
16666,1006.3,1013.3
16667,1010.0,1014.0
16668,1009.8,1013.8
16669,1009.4,1013.4
16670,1009.4,1013.4
16671,1008.6,1012.6
16672,1007.4,1013.4
16673,1006.8,1010.8
16674,1006.8,1011.8
16675,1008.2,1012.2
16676,1008.2,1013.2
16677,1009.0,1013.0
16678,1009.4,1013.4
16679,1009.2,1013.2
16680,1008.5,1012.5
16681,1008.5,1012.5
16682,1008.2,1012.2
16683,1008.2,1012.2
16684,1008.4,1013.4
16685,1007.5,1013.5
16686,1007.5,1011.5
16687,1005.6,1010.6
16688,1003.2,1009.2
16689,1003.0,1007.0
16690,1003.7,1007.7
16691,1003.8,1007.8
16692,1003.8,1007.8
16693,1003.9,1007.9
16694,1004.8,1008.8
16695,1004.8,1008.8
16696,1004.0,1010.0
16697,1004.4,1008.4
16698,1004.2,1008.2
16699,1003.9,1015.9
16700,1011.7,1017.7
16701,1012.0,1016.0
16702,1012.1,1016.1
16703,1013.0,1018.0
16704,1014.4,1021.4
16705,1017.7,1022.7
16706,1019.0,1024.0
16707,1020.4,1024.4
16708,1020.4,1024.4
16709,1020.5,1026.5
16710,1021.8,1025.8
16711,1021.5,1025.5
16712,1021.5,1025.5
16713,1021.4,1025.4
16714,1020.6,1025.6
16715,1021.6,1026.6
16716,1023.2,1027.2
16717,1022.5,1028.5
16718,1024.0,1028.0
16719,1024.4,1028.4
16720,1025.0,1030.0
16721,1026.0,1030.0
16722,1025.9,1029.9
16723,1025.9,1029.9
16724,1025.9,1031.9
16725,1028.1,1032.1
16726,1028.4,1034.4
16727,1030.6,1034.6
16728,1031.0,1035.0
16729,1030.6,1034.6
16730,1031.3,1035.3
16731,1031.3,1035.3
16732,1030.7,1035.7
16733,1030.8,1034.8
16734,1031.5,1035.5
16735,1031.0,1036.0
16736,1030.2,1036.2
16737,1029.9,1034.9
16738,1031.6,1035.6
16739,1032.0,1036.0
16740,1032.2,1036.2
16741,1032.2,1036.2
16742,1032.2,1036.2
16743,1031.8,1035.8
16744,1032.0,1036.0
16745,1032.2,1036.2
16746,1032.9,1037.9
16747,1034.0,1038.0
16748,1032.1,1037.1
16749,1032.0,1036.0
16750,1032.0,1037.0
16751,1033.2,1037.2
16752,1033.2,1037.2
16753,1032.8,1036.8
16754,1032.9,1037.9
16755,1033.7,1037.7
16756,1033.7,1038.7
16757,1034.7,1038.7
16758,1034.6,1038.6
16759,1035.0,1039.0
16760,1035.0,1041.0
16761,1037.8,1041.8
16762,1037.2,1041.2
16763,1036.2,1040.2
16764,1033.9,1039.9
16765,1033.8,1037.8
16766,1032.8,1037.8
16767,1032.3,1036.3
16768,1032.5,1036.5
16769,1032.0,1036.0
16770,1031.1,1036.1
16771,1031.0,1039.0
16772,1035.2,1039.2
16773,1034.6,1038.6
16774,1034.2,1039.2
16775,1033.2,1039.2
16776,1031.4,1036.4
16777,1030.8,1035.8
16778,1031.8,1035.8
16779,1031.3,1036.3
16780,1032.2,1036.2
16781,1032.2,1037.2
16782,1033.3,1038.3
16783,1034.1,1039.1
16784,1034.0,1038.0
16785,1033.4,1037.4
16786,1032.4,1041.4
16787,1036.8,1040.8
16788,1034.8,1040.8
16789,1034.8,1038.8
16790,1035.2,1039.2
16791,1036.0,1041.0
16792,1037.5,1041.5
16793,1038.2,1042.2
16794,1038.2,1042.2
16795,1038.2,1042.2
16796,1037.2,1042.2
16797,1037.1,1041.1
16798,1036.8,1040.8
16799,1035.6,1041.6
16800,1035.3,1039.3
16801,1035.1,1039.1
16802,1035.1,1039.1
16803,1035.1,1039.1
16804,1035.1,1039.1
16805,1035.6,1039.6
16806,1035.1,1039.1
16807,1035.1,1039.1
16808,1035.7,1041.7
16809,1038.4,1042.4
16810,1038.5,1042.5
16811,1038.5,1042.5
16812,1038.4,1043.4
16813,1038.2,1042.2
16814,1038.5,1042.5
16815,1037.2,1042.2
16816,1037.8,1041.8
16817,1038.0,1043.0
16818,1035.8,1043.8
16819,1035.4,1039.4
16820,1035.5,1041.5
16821,1034.6,1041.6
16822,1034.5,1038.5
16823,1035.0,1039.0
16824,1035.3,1039.3
16825,1035.3,1039.3
16826,1035.5,1039.5
16827,1035.4,1039.4
16828,1035.3,1039.3
16829,1035.4,1039.4
16830,1034.8,1038.8
16831,1035.6,1039.6
16832,1035.6,1040.6
16833,1037.0,1042.0
16834,1038.4,1042.4
16835,1038.4,1043.4
16836,1039.2,1043.2
16837,1038.3,1044.3
16838,1039.5,1044.5
16839,1038.0,1043.0
16840,1037.4,1041.4
16841,1036.8,1040.8
16842,1036.9,1040.9
16843,1036.8,1040.8
16844,1035.5,1040.5
16845,1033.7,1039.7
16846,1033.7,1037.7
16847,1034.3,1038.3
16848,1034.3,1038.3
16849,1033.8,1037.8
16850,1032.8,1036.8
16851,1033.6,1037.6
16852,1033.3,1038.3
16853,1034.5,1038.5
16854,1034.3,1038.3
16855,1034.0,1038.0
16856,1030.6,1037.6
16857,1030.2,1034.2
16858,1029.2,1034.2
16859,1029.0,1033.0
16860,1027.0,1033.0
16861,1027.5,1032.5
16862,1029.0,1033.0
16863,1028.9,1034.9
16864,1030.5,1034.5
16865,1031.0,1035.0
16866,1030.2,1037.2
16867,1033.8,1037.8
16868,1029.8,1037.8
16869,1029.2,1034.2
16870,1030.4,1034.4
16871,1030.8,1035.8
16872,1032.0,1038.0
16873,1033.8,1037.8
16874,1032.8,1037.8
16875,1032.8,1036.8
16876,1032.6,1038.6
16877,1035.3,1039.3
16878,1034.8,1038.8
16879,1034.4,1038.4
16880,1034.5,1038.5
16881,1035.4,1039.4
16882,1035.7,1040.7
16883,1036.8,1040.8
16884,1035.8,1040.8
16885,1034.2,1039.2
16886,1034.6,1039.6
16887,1034.8,1039.8
16888,1034.4,1042.4
16889,1039.0,1043.0
16890,1038.9,1042.9
16891,1038.1,1042.1
16892,1037.0,1042.0
16893,1036.9,1040.9
16894,1035.9,1040.9
16895,1035.3,1042.3
16896,1038.5,1042.5
16897,1039.1,1045.1
16898,1041.8,1045.8
16899,1037.0,1047.0
16900,1038.0,1042.0
16901,1037.5,1042.5
16902,1038.2,1042.2
16903,1037.6,1042.6
16904,1039.0,1043.0
16905,1039.0,1043.0
16906,1039.0,1044.0
16907,1040.5,1044.5
16908,1040.8,1044.8
16909,1040.3,1045.3
16910,1041.4,1045.4
16911,1040.5,1045.5
16912,1040.2,1044.2
16913,1040.1,1044.1
16914,1040.0,1044.0
16915,1039.8,1044.8
16916,1040.0,1045.0
16917,1041.2,1047.2
16918,1042.8,1046.8
16919,1040.8,1046.8
16920,1039.8,1043.8
16921,1037.2,1044.2
16922,1036.3,1040.3
16923,1035.4,1040.4
16924,1035.0,1039.0
16925,1031.0,1039.0
16926,1031.0,1036.0
16927,1029.0,1036.0
16928,1029.9,1034.9
16929,1031.2,1035.2
16930,1031.0,1035.0
16931,1030.0,1034.0
16932,1029.8,1034.8
16933,1029.4,1033.4
16934,1026.3,1033.3
16935,1023.0,1030.0
16936,1022.9,1026.9
16937,1022.9,1027.9
16938,1023.5,1029.5
16939,1026.2,1032.2
16940,1028.3,1032.3
16941,1028.3,1032.3
16942,1028.4,1033.4
16943,1029.8,1033.8
16944,1028.7,1033.7
16945,1028.1,1032.1
16946,1028.2,1032.2
16947,1027.5,1033.5
16948,1030.4,1034.4
16949,1030.1,1034.1
16950,1030.1,1035.1
16951,1032.0,1038.0
16952,1034.6,1038.6
16953,1032.0,1039.0
16954,1031.0,1035.0
16955,1028.9,1034.9
16956,1028.0,1032.0
16957,1028.3,1032.3
16958,1027.7,1031.7
16959,1027.7,1031.7
16960,1027.0,1032.0
16961,1026.9,1030.9
16962,1026.5,1030.5
16963,1026.5,1030.5
16964,1026.5,1030.5
16965,1021.8,1030.8
16966,1019.0,1025.0
16967,1013.7,1022.7
16968,1012.8,1016.8
16969,1012.0,1016.0
16970,1011.5,1016.5
16971,1013.0,1023.0
16972,1019.4,1023.4
16973,1019.6,1023.6
16974,1019.7,1023.7
16975,1016.8,1023.8
16976,1016.1,1020.1
16977,1016.8,1021.8
16978,1018.0,1022.0
16979,1017.1,1022.1
16980,1017.0,1024.0
16981,1019.9,1024.9
16982,1020.6,1025.6
16983,1021.5,1025.5
16984,1021.0,1025.0
16985,1021.4,1025.4
16986,1020.3,1025.3
16987,1020.8,1024.8
16988,1020.1,1024.1
16989,1020.1,1033.1
16990,1029.6,1033.6
16991,1029.5,1033.5
16992,1026.0,1033.0
16993,1025.3,1029.3
16994,1025.3,1029.3
16995,1025.3,1029.3
16996,1024.5,1028.5
16997,1022.9,1027.9
16998,1022.4,1026.4
16999,1022.2,1026.2
17000,1022.8,1026.8
17001,1023.4,1029.4
17002,1023.9,1029.9
17003,1023.9,1027.9
17004,1023.8,1027.8
17005,1024.7,1028.7
17006,1025.3,1029.3
17007,1025.3,1029.3
17008,1024.3,1029.3
17009,1023.6,1030.6
17010,1024.4,1031.4
17011,1024.4,1029.4
17012,1025.8,1029.8
17013,1023.4,1029.4
17014,1023.0,1027.0
17015,1022.8,1026.8
17016,1021.5,1026.5
17017,1022.3,1027.3
17018,1021.6,1027.6
17019,1020.5,1025.5
17020,1017.8,1023.8
17021,1016.5,1021.5
17022,1016.0,1020.0
17023,1015.3,1019.3
17024,1014.6,1018.6
17025,1013.4,1018.4
17026,1013.4,1019.4
17027,1015.7,1020.7
17028,1017.0,1021.0
17029,1017.4,1021.4
17030,1017.2,1021.2
17031,1017.1,1021.1
17032,1017.2,1021.2
17033,1017.2,1021.2
17034,1016.4,1021.4
17035,1016.1,1020.1
17036,1015.2,1020.2
17037,1016.5,1020.5
17038,1016.8,1020.8
17039,1016.8,1020.8
17040,1016.8,1020.8
17041,1016.8,1020.8
17042,1016.8,1020.8
17043,1015.3,1020.3
17044,1013.9,1018.9
17045,1013.8,1017.8
17046,1013.8,1017.8
17047,1013.6,1018.6
17048,1014.7,1018.7
17049,1014.7,1018.7
17050,1014.7,1018.7
17051,1015.5,1019.5
17052,1015.5,1019.5
17053,1014.1,1019.1
17054,1014.1,1018.1
17055,1013.2,1018.2
17056,1011.8,1016.8
17057,1010.8,1015.8
17058,1010.2,1014.2
17059,1010.9,1014.9
17060,1009.2,1014.2
17061,1009.6,1013.6
17062,1009.6,1014.6
17063,1010.6,1016.6
17064,1013.0,1017.0
17065,1013.0,1017.0
17066,1013.2,1017.2
17067,1013.2,1017.2
17068,1013.6,1017.6
17069,1013.3,1017.3
17070,1012.8,1016.8
17071,1011.4,1017.4
17072,1011.4,1015.4
17073,1009.2,1016.2
17074,1009.1,1013.1
17075,1009.2,1014.2
17076,1011.0,1015.0
17077,1010.8,1015.8
17078,1012.8,1016.8
17079,1013.5,1018.5
17080,1014.4,1018.4
17081,1014.0,1018.0
17082,1013.4,1018.4
17083,1015.2,1023.2
17084,1018.2,1023.2
17085,1018.0,1023.0
17086,1019.5,1023.5
17087,1019.6,1023.6
17088,1019.6,1023.6
17089,1016.2,1024.2
17090,1015.3,1019.3
17091,1014.0,1019.0
17092,1012.6,1017.6
17093,1012.2,1016.2
17094,1012.0,1016.0
17095,1009.0,1016.0
17096,1007.8,1012.8
17097,1007.4,1011.4
17098,1006.9,1011.9
17099,1008.1,1014.1
17100,1010.7,1016.7
17101,1013.6,1018.6
17102,1015.4,1019.4
17103,1015.8,1019.8
17104,1015.4,1019.4
17105,1015.1,1019.1
17106,1015.1,1019.1
17107,1014.8,1018.8
17108,1015.4,1019.4
17109,1015.2,1019.2
17110,1015.2,1020.2
17111,1013.2,1020.2
17112,1012.7,1016.7
17113,1013.0,1017.0
17114,1012.8,1016.8
17115,1012.6,1016.6
17116,1012.5,1016.5
17117,1012.0,1019.0
17118,1015.8,1019.8
17119,1015.8,1019.8
17120,1016.1,1020.1
17121,1016.1,1020.1
17122,1016.9,1020.9
17123,1017.6,1021.6
17124,1016.5,1021.5
17125,1011.3,1020.3
17126,1010.4,1014.4
17127,1011.2,1015.2
17128,1010.0,1015.0
17129,1009.8,1013.8
17130,1008.4,1013.4
17131,1007.8,1012.8
17132,1009.1,1013.1
17133,1008.5,1012.5
17134,1009.2,1013.2
17135,1008.8,1013.8
17136,1010.0,1014.0
17137,1010.0,1014.0
17138,1010.0,1015.0
17139,1011.0,1015.0
17140,1009.8,1014.8
17141,1009.0,1013.0
17142,1009.4,1013.4
17143,1009.9,1013.9
17144,1009.9,1013.9
17145,1008.4,1014.4
17146,1008.4,1012.4
17147,1008.1,1013.1
17148,1008.0,1012.0
17149,1007.4,1012.4
17150,1008.6,1012.6
17151,1008.6,1013.6
17152,1009.6,1013.6
17153,1009.6,1014.6
17154,1010.0,1015.0
17155,1009.8,1013.8
17156,1010.0,1014.0
17157,1009.8,1013.8
17158,1010.7,1014.7
17159,1010.6,1014.6
17160,1007.6,1014.6
17161,1007.4,1011.4
17162,1006.6,1010.6
17163,1007.0,1014.0
17164,1010.4,1014.4
17165,1010.0,1014.0
17166,1010.0,1014.0
17167,1009.2,1013.2
17168,1009.5,1014.5
17169,1008.5,1014.5
17170,1007.8,1011.8
17171,1008.5,1012.5
17172,1006.6,1012.6
17173,1006.4,1012.4
17174,1008.0,1012.0
17175,1007.5,1011.5
17176,1008.4,1012.4
17177,1008.4,1012.4
17178,1007.1,1012.1
17179,1004.6,1010.6
17180,1004.2,1008.2
17181,1004.6,1008.6
17182,1005.2,1010.2
17183,1005.2,1010.2
17184,1004.2,1009.2
17185,1004.0,1008.0
17186,1003.6,1007.6
17187,1003.8,1007.8
17188,1003.4,1007.4
17189,1003.8,1011.8
17190,1005.1,1012.1
17191,1004.2,1008.2
17192,1003.8,1007.8
17193,1003.8,1008.8
17194,1005.8,1009.8
17195,1006.0,1010.0
17196,1006.0,1011.0
17197,1007.5,1011.5
17198,1008.3,1012.3
17199,1008.0,1012.0
17200,1007.9,1011.9
17201,1007.9,1011.9
17202,1006.2,1011.2
17203,1006.7,1010.7
17204,1005.6,1010.6
17205,1005.1,1010.1
17206,1007.0,1011.0
17207,1007.4,1011.4
17208,1007.4,1011.4
17209,1007.7,1011.7
17210,1007.7,1011.7
17211,1007.2,1011.2
17212,1006.6,1010.6
17213,1006.6,1010.6
17214,1006.4,1010.4
17215,1006.4,1010.4
17216,1006.0,1010.0
17217,1005.7,1009.7
17218,1006.0,1010.0
17219,1006.1,1010.1
17220,1005.8,1010.8
17221,1007.0,1011.0
17222,1007.0,1011.0
17223,1007.0,1012.0
17224,1008.2,1012.2
17225,1008.2,1012.2
17226,1008.0,1012.0
17227,1008.0,1013.0
17228,1009.0,1013.0
17229,1009.4,1015.4
17230,1012.0,1016.0
17231,1012.1,1016.1
17232,1012.8,1016.8
17233,1012.8,1016.8
17234,1010.0,1017.0
17235,1009.1,1015.1
17236,1011.9,1017.9
17237,1013.9,1017.9
17238,1014.5,1018.5
17239,1014.4,1019.4
17240,1015.8,1019.8
17241,1015.4,1019.4
17242,1015.8,1019.8
17243,1014.6,1019.6
17244,1013.8,1017.8
17245,1013.2,1020.2
17246,1016.4,1021.4
17247,1017.6,1021.6
17248,1014.6,1021.6
17249,1014.5,1018.5
17250,1015.0,1019.0
17251,1014.8,1018.8
17252,1014.6,1019.6
17253,1014.3,1018.3
17254,1014.0,1018.0
17255,1013.5,1017.5
17256,1013.6,1017.6
17257,1012.7,1017.7
17258,1012.5,1016.5
17259,1012.6,1016.6
17260,1012.5,1018.5
17261,1015.0,1019.0
17262,1015.0,1019.0
17263,1015.0,1019.0
17264,1015.0,1019.0
17265,1015.0,1019.0
17266,1014.8,1018.8
17267,1015.5,1020.5
17268,1016.6,1020.6
17269,1015.4,1020.4
17270,1012.4,1018.4
17271,1012.2,1016.2
17272,1012.4,1016.4
17273,1011.8,1015.8
17274,1010.8,1015.8
17275,1010.5,1014.5
17276,1010.3,1015.3
17277,1011.7,1015.7
17278,1008.8,1015.8
17279,1005.9,1011.9
17280,1005.4,1009.4
17281,1003.8,1009.8
17282,1003.6,1007.6
17283,1002.8,1007.8
17284,1002.6,1006.6
17285,1002.4,1006.4
17286,1002.4,1008.4
17287,1004.6,1009.6
17288,1006.2,1014.2
17289,1010.0,1015.0
17290,1009.6,1016.6
17291,1010.4,1015.4
17292,1011.5,1016.5
17293,1012.4,1016.4
17294,1012.2,1016.2
17295,1012.2,1016.2
17296,1011.6,1016.6
17297,1010.6,1015.6
17298,1009.7,1013.7
17299,1008.9,1012.9
17300,1008.8,1012.8
17301,1008.2,1015.2
17302,1010.2,1015.2
17303,1010.0,1017.0
17304,1013.5,1017.5
17305,1013.0,1017.0
17306,1012.5,1016.5
17307,1013.2,1017.2
17308,1014.2,1018.2
17309,1015.0,1019.0
17310,1015.6,1019.6
17311,1010.9,1018.9
17312,1010.8,1019.8
17313,1016.2,1024.2
17314,1020.4,1024.4
17315,1020.4,1025.4
17316,1021.0,1025.0
17317,1018.0,1025.0
17318,1018.8,1024.8
17319,1021.6,1025.6
17320,1022.2,1027.2
17321,1022.3,1027.3
17322,1021.5,1025.5
17323,1015.8,1025.8
17324,1015.8,1019.8
17325,1015.3,1019.3
17326,1015.2,1019.2
17327,1015.9,1019.9
17328,1016.5,1020.5
17329,1015.8,1019.8
17330,1016.0,1020.0
17331,1016.4,1020.4
17332,1016.5,1020.5
17333,1015.8,1019.8
17334,1015.0,1020.0
17335,1014.8,1018.8
17336,1014.0,1019.0
17337,1013.7,1017.7
17338,1013.8,1017.8
17339,1011.0,1017.0
17340,1007.8,1014.8
17341,1007.4,1011.4
17342,1006.4,1011.4
17343,1005.9,1010.9
17344,1006.4,1011.4
17345,1004.7,1009.7
17346,1004.5,1008.5
17347,1005.2,1009.2
17348,1004.9,1009.9
17349,1003.2,1008.2
17350,1002.2,1007.2
17351,1000.0,1006.0
17352,999.4,1003.4
17353,1000.3,1007.3
17354,1003.2,1008.2
17355,1003.0,1008.0
17356,1004.1,1020.1
17357,1016.4,1020.4
17358,1015.6,1021.6
17359,1018.0,1025.0
17360,1019.2,1024.2
17361,1018.8,1023.8
17362,1020.4,1025.4
17363,1021.2,1025.2
17364,1021.0,1025.0
17365,1021.1,1025.1
17366,1019.5,1024.5
17367,1019.2,1024.2
17368,1019.8,1023.8
17369,1018.8,1024.8
17370,1019.4,1023.4
17371,1020.4,1025.4
17372,1021.4,1027.4
17373,1023.8,1027.8
17374,1024.5,1028.5
17375,1024.5,1028.5
17376,1023.6,1027.6
17377,1024.1,1028.1
17378,1024.0,1028.0
17379,1024.0,1028.0
17380,1024.3,1028.3
17381,1024.5,1028.5
17382,1024.3,1028.3
17383,1023.3,1029.3
17384,1024.2,1028.2
17385,1024.8,1028.8
17386,1024.8,1028.8
17387,1025.2,1029.2
17388,1025.2,1029.2
17389,1023.3,1029.3
17390,1023.0,1027.0
17391,1022.8,1027.8
17392,1023.8,1027.8
17393,1023.2,1030.2
17394,1025.4,1031.4
17395,1027.7,1032.7
17396,1029.2,1033.2
17397,1029.2,1035.2
17398,1030.6,1034.6
17399,1030.8,1036.8
17400,1033.6,1037.6
17401,1032.8,1037.8
17402,1032.4,1036.4
17403,1032.3,1036.3
17404,1032.3,1036.3
17405,1032.0,1036.0
17406,1032.2,1036.2
17407,1032.0,1036.0
17408,1032.0,1036.0
17409,1032.3,1037.3
17410,1033.8,1037.8
17411,1034.0,1039.0
17412,1035.2,1039.2
17413,1036.0,1044.0
17414,1040.2,1047.2
17415,1043.2,1049.2
17416,1045.5,1049.5
17417,1045.5,1050.5
17418,1046.8,1050.8
17419,1043.0,1051.0
17420,1042.0,1046.0
17421,1042.2,1048.2
17422,1044.2,1048.2
17423,1044.3,1048.3
17424,1044.5,1048.5
17425,1044.5,1048.5
17426,1044.5,1048.5
17427,1044.2,1048.2
17428,1043.7,1047.7
17429,1043.8,1047.8
17430,1043.8,1048.8
17431,1045.0,1053.0
17432,1049.3,1053.3
17433,1049.3,1057.3
17434,1052.4,1058.4
17435,1053.5,1057.5
17436,1054.4,1058.4
17437,1054.4,1058.4
17438,1055.0,1059.0
17439,1055.0,1059.0
17440,1054.1,1061.1
17441,1056.8,1061.8
17442,1056.6,1060.6
17443,1056.2,1062.2
17444,1058.2,1062.2
17445,1058.3,1062.3
17446,1058.5,1062.5
17447,1059.1,1063.1
17448,1059.2,1063.2
17449,1059.2,1063.2
17450,1059.0,1063.0
17451,1058.6,1062.6
17452,1059.0,1063.0
17453,1059.4,1063.4
17454,1059.4,1063.4
17455,1059.4,1064.4
17456,1059.0,1065.0
17457,1058.0,1063.0
17458,1057.8,1061.8
17459,1056.6,1061.6
17460,1056.4,1060.4
17461,1056.8,1060.8
17462,1057.2,1061.2
17463,1057.6,1061.6
17464,1057.2,1062.2
17465,1057.5,1061.5
17466,1058.2,1062.2
17467,1058.0,1062.0
17468,1057.9,1061.9
17469,1058.0,1062.0
17470,1058.1,1062.1
17471,1054.2,1062.2
17472,1054.0,1058.0
17473,1053.3,1057.3
17474,1053.2,1057.2
17475,1053.3,1057.3
17476,1052.6,1057.6
17477,1052.5,1056.5
17478,1053.2,1057.2
17479,1054.0,1058.0
17480,1053.0,1059.0
17481,1051.0,1057.0
17482,1050.5,1054.5
17483,1048.5,1054.5
17484,1048.0,1055.0
17485,1050.2,1055.2
17486,1049.2,1054.2
17487,1049.1,1053.1
17488,1048.8,1052.8
17489,1048.3,1052.3
17490,1048.5,1053.5
17491,1049.9,1053.9
17492,1050.5,1054.5
17493,1050.3,1054.3
17494,1050.4,1054.4
17495,1050.5,1054.5
17496,1050.0,1054.0
17497,1049.6,1053.6
17498,1049.6,1053.6
17499,1049.2,1053.2
17500,1049.5,1053.5
17501,1049.4,1053.4
17502,1049.5,1053.5
17503,1049.8,1053.8
17504,1050.0,1054.0
17505,1049.2,1053.2
17506,1048.9,1053.9
17507,1050.0,1054.0
17508,1051.0,1056.0
17509,1052.6,1057.6
17510,1054.1,1058.1
17511,1054.4,1060.4
17512,1056.0,1061.0
17513,1053.4,1059.4
17514,1052.8,1057.8
17515,1054.3,1058.3
17516,1053.5,1058.5
17517,1053.8,1062.8
17518,1059.0,1065.0
17519,1061.2,1069.2
17520,1065.3,1069.3
17521,1065.3,1070.3
17522,1066.0,1070.0
17523,1066.1,1070.1
17524,1066.0,1070.0
17525,1066.0,1071.0
17526,1068.0,1072.0
17527,1067.4,1071.4
17528,1066.8,1074.8
17529,1071.0,1075.0
17530,1068.9,1074.9
17531,1068.1,1072.1
17532,1068.2,1074.2
17533,1070.6,1074.6
17534,1070.4,1074.4
17535,1069.5,1073.5
17536,1069.2,1073.2
17537,1069.2,1074.2
17538,1070.2,1074.2
17539,1069.8,1073.8
17540,1069.8,1073.8
17541,1069.2,1073.2
17542,1069.0,1073.0
17543,1068.9,1072.9
17544,1069.4,1073.4
17545,1064.8,1073.8
17546,1063.0,1068.0
17547,1062.8,1066.8
17548,1062.9,1066.9
17549,1062.9,1066.9
17550,1063.0,1067.0
17551,1062.6,1066.6
17552,1062.1,1067.1
17553,1062.0,1066.0
17554,1062.0,1066.0
17555,1061.2,1065.2
17556,1056.3,1065.3
17557,1053.4,1059.4
17558,1053.0,1057.0
17559,1051.2,1056.2
17560,1051.2,1055.2
17561,1051.2,1055.2
17562,1050.3,1055.3
17563,1050.0,1055.0
17564,1051.6,1055.6
17565,1051.4,1059.4
17566,1054.7,1058.7
17567,1055.1,1062.1
17568,1058.3,1062.3
17569,1058.3,1062.3
17570,1059.2,1063.2
17571,1057.6,1063.6
17572,1056.7,1061.7
17573,1057.7,1062.7
17574,1059.4,1063.4
17575,1059.4,1063.4
17576,1056.9,1062.9
17577,1055.3,1060.3
17578,1055.3,1059.3
17579,1054.6,1058.6
17580,1054.3,1059.3
17581,1055.1,1059.1
17582,1054.4,1058.4
17583,1054.3,1059.3
17584,1056.0,1060.0
17585,1054.0,1060.0
17586,1051.2,1057.2
17587,1050.8,1054.8
17588,1051.4,1055.4
17589,1051.4,1055.4
17590,1050.9,1057.9
17591,1054.8,1058.8
17592,1054.7,1058.7
17593,1053.3,1059.3
17594,1052.8,1056.8
17595,1052.8,1057.8
17596,1050.5,1058.5
17597,1050.0,1055.0
17598,1049.2,1055.2
17599,1049.2,1055.2
17600,1051.5,1057.5
17601,1052.4,1057.4
17602,1050.2,1056.2
17603,1050.0,1055.0
17604,1049.0,1055.0
17605,1049.1,1053.1
17606,1048.8,1053.8
17607,1047.4,1052.4
17608,1046.5,1051.5
17609,1046.8,1051.8
17610,1047.8,1051.8
17611,1047.8,1051.8
17612,1047.5,1051.5
17613,1047.4,1051.4
17614,1047.4,1051.4
17615,1046.9,1050.9
17616,1046.5,1050.5
17617,1047.1,1052.1
17618,1048.1,1052.1
17619,1048.5,1052.5
17620,1048.7,1052.7
17621,1048.5,1054.5
17622,1050.1,1054.1
17623,1049.7,1053.7
17624,1050.0,1054.0
17625,1049.9,1055.9
17626,1049.0,1056.0
17627,1048.6,1052.6
17628,1049.3,1053.3
17629,1049.2,1053.2
17630,1049.2,1054.2
17631,1049.3,1054.3
17632,1049.0,1053.0
17633,1048.6,1054.6
17634,1050.3,1055.3
17635,1051.7,1056.7
17636,1052.7,1056.7
17637,1052.8,1056.8
17638,1053.0,1057.0
17639,1053.5,1057.5
17640,1053.2,1057.2
17641,1053.2,1057.2
17642,1052.8,1057.8
17643,1054.2,1058.2
17644,1054.1,1062.1
17645,1058.1,1063.1
17646,1059.8,1064.8
17647,1061.2,1065.2
17648,1061.6,1065.6
17649,1061.5,1066.5
17650,1060.2,1065.2
17651,1060.0,1064.0
17652,1060.5,1064.5
17653,1061.0,1065.0
17654,1061.0,1065.0
17655,1060.2,1067.2
17656,1063.4,1067.4
17657,1062.8,1071.8
17658,1068.2,1074.2
17659,1070.8,1075.8
17660,1072.5,1078.5
17661,1074.7,1078.7
17662,1074.6,1078.6
17663,1074.6,1078.6
17664,1074.6,1078.6
17665,1074.7,1079.7
17666,1076.5,1080.5
17667,1074.5,1080.5
17668,1074.0,1079.0
17669,1075.2,1079.2
17670,1075.1,1079.1
17671,1072.0,1079.0
17672,1072.0,1076.0
17673,1071.4,1076.4
17674,1073.0,1077.0
17675,1073.6,1077.6
17676,1073.6,1077.6
17677,1073.6,1077.6
17678,1072.5,1077.5
17679,1071.5,1076.5
17680,1069.4,1075.4
17681,1066.8,1072.8
17682,1066.6,1070.6
17683,1066.6,1071.6
17684,1060.5,1071.5
17685,1060.2,1064.2
17686,1060.8,1064.8
17687,1060.8,1064.8
17688,1060.7,1064.7
17689,1061.2,1068.2
17690,1064.5,1070.5
17691,1065.7,1070.7
17692,1065.3,1069.3
17693,1064.4,1069.4
17694,1065.3,1070.3
17695,1066.5,1070.5
17696,1066.3,1070.3
17697,1066.4,1070.4
17698,1065.6,1070.6
17699,1066.7,1070.7
17700,1067.4,1071.4
17701,1068.0,1072.0
17702,1068.0,1072.0
17703,1064.3,1072.3
17704,1065.2,1069.2
17705,1064.5,1070.5
17706,1067.0,1071.0
17707,1065.3,1071.3
17708,1061.5,1068.5
17709,1061.4,1065.4
17710,1061.4,1065.4
17711,1061.8,1065.8
17712,1061.0,1066.0
17713,1059.5,1064.5
17714,1059.4,1063.4
17715,1056.6,1063.6
17716,1056.4,1062.4
17717,1058.5,1062.5
17718,1058.5,1064.5
17719,1060.5,1064.5
17720,1060.5,1064.5
17721,1060.0,1064.0
17722,1059.3,1063.3
17723,1059.8,1065.8
17724,1062.0,1066.0
17725,1060.0,1067.0
17726,1059.7,1063.7
17727,1059.4,1063.4
17728,1059.4,1063.4
17729,1059.0,1063.0
17730,1059.0,1063.0
17731,1060.0,1067.0
17732,1063.4,1067.4
17733,1063.5,1067.5
17734,1063.0,1067.0
17735,1063.0,1067.0
17736,1062.2,1066.2
17737,1062.2,1066.2
17738,1061.2,1066.2
17739,1060.3,1064.3
17740,1060.3,1064.3
17741,1060.2,1065.2
17742,1058.6,1063.6
17743,1058.8,1062.8
17744,1056.8,1062.8
17745,1055.4,1060.4
17746,1055.7,1059.7
17747,1055.5,1059.5
17748,1055.7,1061.7
17749,1058.4,1062.4
17750,1057.5,1061.5
17751,1057.6,1062.6
17752,1059.0,1063.0
17753,1058.8,1062.8
17754,1058.2,1063.2
17755,1059.2,1063.2
17756,1058.5,1063.5
17757,1057.5,1061.5
17758,1057.4,1061.4
17759,1056.6,1060.6
17760,1056.0,1060.0
17761,1054.4,1060.4
17762,1054.3,1058.3
17763,1054.3,1058.3
17764,1054.0,1062.0
17765,1057.5,1061.5
17766,1057.6,1061.6
17767,1057.6,1063.6
17768,1059.4,1063.4
17769,1057.5,1063.5
17770,1056.5,1061.5
17771,1054.8,1059.8
17772,1054.3,1058.3
17773,1054.5,1058.5
17774,1053.8,1057.8
17775,1054.0,1059.0
17776,1055.7,1059.7
17777,1054.9,1059.9
17778,1054.3,1059.3
17779,1055.4,1059.4
17780,1055.4,1059.4
17781,1055.3,1059.3
17782,1055.3,1059.3
17783,1055.2,1059.2
17784,1055.2,1059.2
17785,1055.0,1059.0
17786,1054.4,1058.4
17787,1053.3,1058.3
17788,1053.0,1057.0
17789,1053.0,1057.0
17790,1052.3,1056.3
17791,1053.0,1057.0
17792,1052.7,1056.7
17793,1052.4,1056.4
17794,1052.7,1056.7
17795,1051.5,1056.5
17796,1051.0,1055.0
17797,1051.2,1055.2
17798,1050.5,1054.5
17799,1046.8,1053.8
17800,1046.6,1050.6
17801,1046.8,1050.8
17802,1046.5,1050.5
17803,1046.2,1050.2
17804,1046.3,1050.3
17805,1046.0,1051.0
17806,1045.8,1049.8
17807,1045.8,1050.8
17808,1046.7,1050.7
17809,1047.2,1051.2
17810,1047.5,1051.5
17811,1048.0,1052.0
17812,1048.4,1052.4
17813,1047.7,1051.7
17814,1048.0,1055.0
17815,1051.3,1055.3
17816,1051.1,1059.1
17817,1049.8,1059.8
17818,1047.2,1053.2
17819,1046.4,1050.4
17820,1045.8,1049.8
17821,1045.0,1049.0
17822,1045.0,1049.0
17823,1044.6,1049.6
17824,1046.0,1053.0
17825,1049.3,1053.3
17826,1049.0,1054.0
17827,1050.4,1054.4
17828,1051.0,1056.0
17829,1052.2,1056.2
17830,1052.2,1057.2
17831,1053.8,1058.8
17832,1054.0,1059.0
17833,1051.0,1058.0
17834,1050.6,1054.6
17835,1051.4,1055.4
17836,1049.8,1054.8
17837,1049.0,1054.0
17838,1046.3,1054.3
17839,1046.0,1050.0
17840,1046.5,1050.5
17841,1046.7,1050.7
17842,1043.8,1050.8
17843,1043.6,1047.6
17844,1043.6,1051.6
17845,1048.0,1053.0
17846,1048.6,1053.6
17847,1047.8,1051.8
17848,1046.9,1050.9
17849,1047.6,1052.6
17850,1049.4,1053.4
17851,1048.5,1055.5
17852,1051.5,1057.5
17853,1053.7,1057.7
17854,1052.9,1056.9
17855,1052.9,1057.9
17856,1054.4,1058.4
17857,1054.3,1058.3
17858,1054.6,1059.6
17859,1055.9,1059.9
17860,1055.0,1059.0
17861,1055.0,1059.0
17862,1055.2,1059.2
17863,1054.5,1058.5
17864,1054.6,1058.6
17865,1049.4,1058.4
17866,1048.9,1052.9
17867,1049.6,1053.6
17868,1049.6,1053.6
17869,1049.5,1056.5
17870,1051.8,1056.8
17871,1052.6,1058.6
17872,1055.3,1061.3
17873,1055.2,1062.2
17874,1055.0,1061.0
17875,1057.2,1061.2
17876,1056.2,1061.2
17877,1056.2,1060.2
17878,1056.2,1060.2
17879,1055.8,1059.8
17880,1055.7,1062.7
17881,1058.5,1065.5
17882,1055.6,1065.6
17883,1055.2,1059.2
17884,1055.8,1060.8
17885,1057.4,1061.4
17886,1057.8,1063.8
17887,1060.0,1064.0
17888,1059.7,1063.7
17889,1059.2,1063.2
17890,1059.1,1063.1
17891,1059.0,1063.0
17892,1059.3,1063.3
17893,1059.2,1063.2
17894,1058.3,1063.3
17895,1058.3,1062.3
17896,1058.8,1062.8
17897,1054.2,1062.2
17898,1053.2,1058.2
17899,1054.6,1058.6
17900,1054.0,1058.0
17901,1051.0,1058.0
17902,1049.6,1054.6
17903,1049.0,1053.0
17904,1048.6,1052.6
17905,1048.2,1052.2
17906,1048.8,1052.8
17907,1049.3,1053.3
17908,1050.0,1054.0
17909,1050.3,1054.3
17910,1050.3,1054.3
17911,1050.6,1054.6
17912,1049.8,1053.8
17913,1049.6,1053.6
17914,1049.2,1053.2
17915,1049.2,1053.2
17916,1049.3,1054.3
17917,1049.0,1054.0
17918,1046.3,1052.3
17919,1046.1,1050.1
17920,1047.0,1051.0
17921,1046.6,1050.6
17922,1046.4,1050.4
17923,1045.6,1050.6
17924,1045.4,1049.4
17925,1045.4,1049.4
17926,1045.4,1049.4
17927,1045.4,1049.4
17928,1044.3,1049.3
17929,1043.8,1048.8
17930,1045.5,1049.5
17931,1045.3,1049.3
17932,1045.6,1049.6
17933,1044.8,1049.8
17934,1044.5,1048.5
17935,1044.6,1048.6
17936,1044.6,1048.6
17937,1044.3,1048.3
17938,1044.5,1051.5
17939,1047.6,1051.6
17940,1047.6,1051.6
17941,1047.8,1051.8
17942,1048.0,1052.0
17943,1048.0,1052.0
17944,1047.8,1051.8
17945,1046.7,1051.7
17946,1046.5,1053.5
17947,1050.3,1054.3
17948,1051.2,1055.2
17949,1051.1,1055.1
17950,1052.0,1056.0
17951,1049.8,1055.8
17952,1049.1,1053.1
17953,1049.2,1053.2
17954,1048.8,1053.8
17955,1050.6,1054.6
17956,1051.4,1058.4
17957,1055.2,1059.2
17958,1055.3,1059.3
17959,1054.7,1058.7
17960,1055.0,1059.0
17961,1054.2,1059.2
17962,1053.9,1057.9
17963,1053.0,1058.0
17964,1052.8,1056.8
17965,1053.1,1057.1
17966,1051.5,1056.5
17967,1050.8,1054.8
17968,1050.4,1056.4
17969,1052.0,1056.0
17970,1051.2,1055.2
17971,1050.7,1054.7
17972,1049.7,1054.7
17973,1049.4,1054.4
17974,1050.4,1056.4
17975,1053.0,1058.0
17976,1054.0,1058.0
17977,1053.8,1057.8
17978,1053.2,1057.2
17979,1050.5,1057.5
17980,1047.8,1053.8
17981,1047.6,1051.6
17982,1046.7,1051.7
17983,1046.6,1050.6
17984,1046.6,1050.6
17985,1046.2,1050.2
17986,1046.5,1050.5
17987,1046.0,1050.0
17988,1044.0,1050.0
17989,1043.8,1050.8
17990,1046.8,1051.8
17991,1045.4,1050.4
17992,1045.2,1049.2
17993,1044.7,1049.7
17994,1044.5,1048.5
17995,1044.4,1049.4
17996,1046.2,1050.2
17997,1046.4,1050.4
17998,1046.2,1050.2
17999,1045.9,1049.9
18000,1045.9,1050.9
18001,1046.8,1050.8
18002,1046.2,1050.2
18003,1046.2,1050.2
18004,1046.0,1050.0
18005,1045.8,1049.8
18006,1040.6,1049.6
18007,1040.5,1044.5
18008,1040.5,1044.5
18009,1040.5,1044.5
18010,1041.2,1045.2
18011,1042.0,1047.0
18012,1043.5,1047.5
18013,1042.0,1047.0
18014,1041.9,1046.9
18015,1043.0,1050.0
18016,1046.2,1050.2
18017,1046.2,1050.2
18018,1047.2,1053.2
18019,1049.4,1053.4
18020,1049.4,1053.4
18021,1049.4,1053.4
18022,1047.4,1053.4
18023,1047.2,1051.2
18024,1047.2,1051.2
18025,1046.8,1050.8
18026,1046.5,1051.5
18027,1047.0,1053.0
18028,1048.4,1052.4
18029,1048.5,1052.5
18030,1047.4,1053.4
18031,1047.2,1051.2
18032,1047.2,1051.2
18033,1046.5,1051.5
18034,1046.8,1050.8
18035,1047.2,1051.2
18036,1046.7,1050.7
18037,1045.9,1050.9
18038,1045.5,1049.5
18039,1044.6,1048.6
18040,1044.7,1051.7
18041,1048.6,1052.6
18042,1048.8,1052.8
18043,1048.6,1052.6
18044,1048.2,1052.2
18045,1048.2,1052.2
18046,1048.1,1052.1
18047,1048.0,1052.0
18048,1046.0,1052.0
18049,1045.3,1049.3
18050,1045.9,1049.9
18051,1044.5,1050.5
18052,1045.3,1049.3
18053,1045.8,1049.8
18054,1045.8,1050.8
18055,1046.8,1050.8
18056,1046.9,1050.9
18057,1047.0,1051.0
18058,1047.7,1051.7
18059,1047.6,1053.6
18060,1049.0,1054.0
18061,1050.9,1054.9
18062,1050.1,1054.1
18063,1050.0,1054.0
18064,1050.0,1055.0
18065,1051.1,1055.1
18066,1051.8,1057.8
18067,1054.0,1058.0
18068,1053.7,1058.7
18069,1055.1,1059.1
18070,1055.0,1061.0
18071,1056.9,1061.9
18072,1056.7,1060.7
18073,1056.5,1061.5
18074,1057.7,1061.7
18075,1057.8,1062.8
18076,1058.8,1062.8
18077,1059.2,1066.2
18078,1062.6,1066.6
18079,1063.2,1067.2
18080,1063.2,1067.2
18081,1062.5,1066.5
18082,1061.4,1066.4
18083,1060.3,1065.3
18084,1060.0,1064.0
18085,1060.0,1064.0
18086,1060.2,1064.2
18087,1061.0,1065.0
18088,1060.3,1064.3
18089,1058.1,1065.1
18090,1055.4,1061.4
18091,1054.6,1058.6
18092,1054.2,1058.2
18093,1054.2,1058.2
18094,1053.2,1057.2
18095,1053.2,1057.2
18096,1052.5,1056.5
18097,1052.8,1056.8
18098,1052.3,1056.3
18099,1052.3,1059.3
18100,1054.8,1058.8
18101,1055.3,1061.3
18102,1057.5,1061.5
18103,1057.9,1061.9
18104,1057.7,1061.7
18105,1058.1,1062.1
18106,1058.1,1062.1
18107,1058.2,1062.2
18108,1059.0,1063.0
18109,1056.4,1062.4
18110,1056.8,1060.8
18111,1055.8,1060.8
18112,1055.4,1064.4
18113,1060.6,1064.6
18114,1055.7,1064.7
18115,1055.6,1060.6
18116,1056.0,1061.0
18117,1055.8,1061.8
18118,1056.6,1061.6
18119,1056.1,1060.1
18120,1055.5,1059.5
18121,1054.7,1058.7
18122,1054.1,1058.1
18123,1054.6,1060.6
18124,1057.4,1061.4
18125,1057.6,1061.6
18126,1058.0,1062.0
18127,1058.0,1062.0
18128,1058.4,1062.4
18129,1058.3,1062.3
18130,1058.9,1065.9
18131,1062.7,1066.7
18132,1062.6,1072.6
18133,1068.8,1072.8
18134,1069.2,1073.2
18135,1068.2,1073.2
18136,1069.7,1073.7
18137,1069.0,1074.0
18138,1070.1,1074.1
18139,1067.8,1073.8
18140,1067.0,1071.0
18141,1067.2,1071.2
18142,1067.3,1071.3
18143,1067.3,1072.3
18144,1068.5,1072.5
18145,1068.6,1072.6
18146,1068.5,1072.5
18147,1068.7,1072.7
18148,1068.7,1072.7
18149,1068.8,1073.8
18150,1069.3,1074.3
18151,1069.2,1073.2
18152,1069.2,1073.2
18153,1069.7,1073.7
18154,1069.0,1073.0
18155,1068.8,1072.8
18156,1067.4,1072.4
18157,1067.3,1072.3
18158,1065.0,1073.0
18159,1065.2,1069.2
18160,1065.0,1070.0
18161,1065.3,1069.3
18162,1065.4,1069.4
18163,1064.8,1068.8
18164,1064.5,1068.5
18165,1064.0,1070.0
18166,1064.8,1068.8
18167,1064.4,1068.4
18168,1064.4,1068.4
18169,1064.4,1068.4
18170,1064.4,1070.4
18171,1066.5,1070.5
18172,1066.4,1071.4
18173,1067.4,1071.4
18174,1067.2,1074.2
18175,1070.8,1074.8
18176,1069.0,1075.0
18177,1068.5,1072.5
18178,1068.2,1072.2
18179,1067.6,1071.6
18180,1068.3,1074.3
18181,1070.3,1074.3
18182,1070.3,1074.3
18183,1069.4,1074.4
18184,1068.8,1072.8
18185,1068.6,1072.6
18186,1067.9,1071.9
18187,1068.0,1072.0
18188,1068.0,1072.0
18189,1068.0,1072.0
18190,1067.0,1073.0
18191,1068.0,1072.0
18192,1066.0,1072.0
18193,1065.7,1069.7
18194,1066.4,1071.4
18195,1068.0,1073.0
18196,1069.6,1073.6
18197,1069.0,1073.0
18198,1066.5,1073.5
18199,1065.0,1070.0
18200,1064.4,1068.4
18201,1065.1,1069.1
18202,1065.2,1069.2
18203,1065.7,1069.7
18204,1066.0,1071.0
18205,1067.4,1071.4
18206,1067.4,1071.4
18207,1066.7,1070.7
18208,1066.1,1070.1
18209,1066.0,1070.0
18210,1065.8,1069.8
18211,1064.7,1070.7
18212,1064.5,1068.5
18213,1064.6,1068.6
18214,1065.1,1069.1
18215,1066.0,1070.0
18216,1065.9,1069.9
18217,1065.7,1069.7
18218,1065.4,1071.4
18219,1065.6,1071.6
18220,1065.5,1069.5
18221,1065.2,1069.2
18222,1064.2,1069.2
18223,1064.2,1068.2
18224,1064.1,1069.1
18225,1064.5,1068.5
18226,1063.3,1068.3
18227,1063.4,1067.4
18228,1064.0,1068.0
18229,1062.8,1067.8
18230,1063.3,1067.3
18231,1061.8,1066.8
18232,1060.8,1064.8
18233,1060.8,1064.8
18234,1061.4,1065.4
18235,1060.6,1064.6
18236,1060.0,1064.0
18237,1060.6,1064.6
18238,1060.4,1064.4
18239,1060.8,1064.8
18240,1060.8,1064.8
18241,1060.8,1065.8
18242,1061.2,1068.2
18243,1064.8,1068.8
18244,1064.3,1070.3
18245,1065.5,1070.5
18246,1065.3,1071.3
18247,1066.3,1071.3
18248,1066.0,1070.0
18249,1066.0,1070.0
18250,1065.8,1069.8
18251,1065.4,1069.4
18252,1066.1,1070.1
18253,1065.6,1070.6
18254,1065.2,1069.2
18255,1065.4,1069.4
18256,1064.6,1068.6
18257,1064.6,1068.6
18258,1064.2,1070.2
18259,1067.1,1071.1
18260,1067.2,1071.2
18261,1067.2,1071.2
18262,1066.7,1071.7
18263,1066.6,1071.6
18264,1066.2,1072.2
18265,1066.0,1070.0
18266,1065.6,1069.6
18267,1064.5,1069.5
18268,1063.9,1067.9
18269,1064.0,1068.0
18270,1062.8,1068.8
18271,1062.3,1066.3
18272,1062.4,1066.4
18273,1061.4,1066.4
18274,1061.3,1065.3
18275,1061.8,1065.8
18276,1062.2,1068.2
18277,1064.3,1068.3
18278,1063.5,1070.5
18279,1065.8,1070.8
18280,1065.8,1069.8
18281,1065.6,1069.6
18282,1064.8,1068.8
18283,1064.8,1068.8
18284,1065.7,1070.7
18285,1067.0,1071.0
18286,1066.6,1070.6
18287,1066.8,1074.8
18288,1071.5,1076.5
18289,1073.3,1077.3
18290,1072.4,1077.4
18291,1072.3,1076.3
18292,1072.3,1078.3
18293,1074.7,1078.7
18294,1074.0,1081.0
18295,1076.5,1080.5
18296,1072.6,1080.6
18297,1071.8,1075.8
18298,1071.4,1075.4
18299,1071.3,1077.3
18300,1073.3,1077.3
18301,1073.6,1077.6
18302,1073.7,1077.7
18303,1072.8,1076.8
18304,1073.3,1077.3
18305,1073.7,1077.7
18306,1074.5,1078.5
18307,1074.5,1078.5
18308,1074.5,1082.5
18309,1078.4,1082.4
18310,1078.8,1082.8
18311,1079.0,1084.0
18312,1078.5,1085.5
18313,1081.0,1085.0
18314,1081.3,1086.3
18315,1082.7,1086.7
18316,1073.8,1086.8
18317,1074.3,1078.3
18318,1073.3,1078.3
18319,1072.6,1077.6
18320,1073.0,1078.0
18321,1074.5,1078.5
18322,1073.4,1078.4
18323,1069.1,1077.1
18324,1068.5,1072.5
18325,1068.2,1072.2
18326,1068.2,1072.2
18327,1066.9,1071.9
18328,1065.8,1070.8
18329,1065.7,1069.7
18330,1066.0,1070.0
18331,1066.6,1072.6
18332,1067.8,1071.8
18333,1067.4,1071.4
18334,1068.2,1073.2
18335,1067.2,1073.2
18336,1066.8,1070.8
18337,1066.8,1070.8
18338,1066.8,1070.8
18339,1063.8,1070.8
18340,1063.4,1067.4
18341,1063.4,1068.4
18342,1065.0,1069.0
18343,1065.2,1069.2
18344,1064.3,1068.3
18345,1064.3,1068.3
18346,1063.2,1068.2
18347,1061.8,1069.8
18348,1064.9,1068.9
18349,1065.0,1069.0
18350,1064.6,1070.6
18351,1066.8,1070.8
18352,1066.1,1070.1
18353,1066.3,1070.3
18354,1066.2,1070.2
18355,1066.4,1070.4
18356,1065.4,1070.4
18357,1066.0,1070.0
18358,1065.8,1069.8
18359,1059.3,1069.3
18360,1059.8,1063.8
18361,1059.6,1063.6
18362,1059.9,1064.9
18363,1061.7,1065.7
18364,1061.7,1065.7
18365,1061.6,1065.6
18366,1061.6,1066.6
18367,1062.4,1066.4
18368,1062.6,1066.6
18369,1063.0,1067.0
18370,1063.3,1068.3
18371,1064.0,1071.0
18372,1067.0,1071.0
18373,1066.8,1070.8
18374,1065.8,1070.8
18375,1065.4,1069.4
18376,1064.6,1068.6
18377,1064.7,1068.7
18378,1064.6,1068.6
18379,1065.2,1069.2
18380,1065.3,1069.3
18381,1065.5,1070.5
18382,1066.2,1071.2
18383,1065.4,1069.4
18384,1065.4,1069.4
18385,1064.9,1068.9
18386,1065.2,1074.2
18387,1069.0,1075.0
18388,1068.2,1072.2
18389,1068.2,1072.2
18390,1067.2,1071.2
18391,1067.2,1071.2
18392,1065.0,1071.0
18393,1064.4,1069.4
18394,1065.5,1069.5
18395,1065.0,1069.0
18396,1064.3,1068.3
18397,1063.8,1067.8
18398,1063.8,1067.8
18399,1059.1,1068.1
18400,1059.5,1063.5
18401,1059.8,1063.8
18402,1059.4,1063.4
18403,1059.4,1063.4
18404,1059.6,1063.6
18405,1059.0,1063.0
18406,1059.0,1067.0
18407,1063.5,1067.5
18408,1063.3,1067.3
18409,1064.0,1068.0
18410,1064.6,1068.6
18411,1064.8,1068.8
18412,1065.5,1069.5
18413,1065.8,1070.8
18414,1067.3,1071.3
18415,1067.7,1072.7
18416,1069.2,1074.2
18417,1071.0,1075.0
18418,1071.0,1075.0
18419,1071.2,1075.2
18420,1071.4,1075.4
18421,1071.3,1076.3
18422,1072.2,1076.2
18423,1071.1,1077.1
18424,1069.8,1074.8
18425,1069.4,1073.4
18426,1069.4,1073.4
18427,1069.2,1073.2
18428,1069.0,1073.0
18429,1068.3,1072.3
18430,1068.2,1072.2
18431,1068.5,1074.5
18432,1070.5,1075.5
18433,1071.8,1075.8
18434,1071.8,1075.8
18435,1070.4,1075.4
18436,1070.0,1074.0
18437,1070.0,1074.0
18438,1070.0,1074.0
18439,1070.5,1074.5
18440,1070.5,1077.5
18441,1073.6,1077.6
18442,1073.5,1078.5
18443,1074.5,1078.5
18444,1075.1,1079.1
18445,1075.2,1079.2
18446,1075.0,1079.0
18447,1075.2,1079.2
18448,1075.2,1079.2
18449,1075.2,1079.2
18450,1074.6,1079.6
18451,1074.6,1079.6
18452,1076.2,1080.2
18453,1076.3,1080.3
18454,1076.2,1080.2
18455,1072.6,1079.6
18456,1072.2,1076.2
18457,1071.5,1075.5
18458,1072.3,1076.3
18459,1069.9,1076.9
18460,1069.2,1073.2
18461,1067.8,1072.8
18462,1067.2,1071.2
18463,1067.0,1071.0
18464,1067.0,1072.0
18465,1066.0,1070.0
18466,1066.7,1071.7
18467,1068.4,1072.4
18468,1068.4,1072.4
18469,1067.8,1071.8
18470,1067.0,1072.0
18471,1066.6,1070.6
18472,1067.0,1071.0
18473,1066.8,1070.8
18474,1067.0,1071.0
18475,1067.9,1072.9
18476,1066.5,1073.5
18477,1067.3,1073.3
18478,1069.8,1073.8
18479,1069.4,1075.4
18480,1072.2,1076.2
18481,1073.0,1077.0
18482,1073.0,1077.0
18483,1073.4,1079.4
18484,1075.4,1081.4
18485,1078.1,1082.1
18486,1075.3,1082.3
18487,1073.8,1078.8
18488,1073.5,1077.5
18489,1073.5,1079.5
18490,1075.6,1080.6
18491,1076.9,1080.9
18492,1076.9,1081.9
18493,1078.6,1082.6
18494,1077.8,1082.8
18495,1079.1,1083.1
18496,1078.8,1083.8
18497,1078.0,1082.0
18498,1078.0,1082.0
18499,1077.5,1081.5
18500,1078.2,1082.2
18501,1078.3,1082.3
18502,1076.8,1083.8
18503,1077.3,1081.3
18504,1076.4,1081.4
18505,1076.3,1080.3
18506,1076.4,1080.4
18507,1077.0,1081.0
18508,1076.8,1080.8
18509,1076.9,1080.9
18510,1076.0,1080.0
18511,1076.2,1080.2
18512,1075.2,1081.2
18513,1077.6,1081.6
18514,1076.2,1081.2
18515,1075.3,1080.3
18516,1074.6,1078.6
18517,1075.3,1079.3
18518,1074.3,1079.3
18519,1073.6,1077.6
18520,1074.6,1078.6
18521,1075.2,1079.2
18522,1074.4,1078.4
18523,1074.6,1078.6
18524,1066.6,1078.6
18525,1066.6,1070.6
18526,1065.8,1070.8
18527,1067.6,1071.6
18528,1068.2,1072.2
18529,1068.4,1075.4
18530,1070.0,1076.0
18531,1069.8,1073.8
18532,1068.0,1073.0
18533,1067.9,1071.9
18534,1068.3,1072.3
18535,1068.2,1072.2
18536,1068.3,1072.3
18537,1068.3,1072.3
18538,1066.4,1072.4
18539,1066.0,1070.0
18540,1066.3,1070.3
18541,1066.0,1072.0
18542,1068.1,1072.1
18543,1067.4,1071.4
18544,1067.3,1071.3
18545,1066.4,1071.4
18546,1066.1,1070.1
18547,1066.5,1070.5
18548,1067.1,1071.1
18549,1067.8,1072.8
18550,1068.9,1073.9
18551,1067.5,1074.5
18552,1067.0,1072.0
18553,1068.0,1072.0
18554,1064.8,1071.8
18555,1064.5,1071.5
18556,1067.6,1072.6
18557,1069.5,1073.5
18558,1069.5,1073.5
18559,1069.5,1077.5
18560,1074.3,1078.3
18561,1073.6,1077.6
18562,1073.4,1077.4
18563,1073.4,1077.4
18564,1074.0,1078.0
18565,1074.0,1079.0
18566,1075.1,1079.1
18567,1074.6,1078.6
18568,1071.9,1077.9
18569,1068.8,1075.8
18570,1068.7,1072.7
18571,1066.2,1072.2
18572,1065.8,1069.8
18573,1065.4,1069.4
18574,1065.1,1069.1
18575,1065.1,1069.1
18576,1064.5,1068.5
18577,1064.3,1068.3
18578,1065.0,1069.0
18579,1065.0,1070.0
18580,1066.7,1070.7
18581,1063.4,1071.4
18582,1063.2,1067.2
18583,1063.2,1067.2
18584,1062.2,1067.2
18585,1062.2,1073.2
18586,1069.3,1073.3
18587,1069.3,1073.3
18588,1069.2,1073.2
18589,1069.4,1073.4
18590,1065.6,1072.6
18591,1065.4,1069.4
18592,1065.2,1069.2
18593,1065.0,1069.0
18594,1065.0,1069.0
18595,1064.7,1068.7
18596,1064.7,1068.7
18597,1064.0,1068.0
18598,1064.0,1068.0
18599,1064.4,1068.4
18600,1064.0,1068.0
18601,1064.6,1068.6
18602,1063.9,1067.9
18603,1064.3,1069.3
18604,1066.2,1070.2
18605,1064.2,1070.2
18606,1063.5,1067.5
18607,1062.8,1067.8
18608,1062.0,1067.0
18609,1063.2,1067.2
18610,1062.2,1067.2
18611,1061.3,1065.3
18612,1061.8,1065.8
18613,1061.9,1065.9
18614,1061.8,1065.8
18615,1061.8,1065.8
18616,1061.4,1065.4
18617,1061.3,1065.3
18618,1061.0,1065.0
18619,1060.1,1064.1
18620,1060.3,1064.3
18621,1059.8,1065.8
18622,1061.0,1065.0
18623,1060.9,1064.9
18624,1060.6,1066.6
18625,1062.0,1068.0
18626,1062.2,1068.2
18627,1061.6,1065.6
18628,1061.6,1065.6
18629,1061.6,1065.6
18630,1061.7,1065.7
18631,1061.8,1068.8
18632,1064.8,1068.8
18633,1064.8,1070.8
18634,1066.3,1071.3
18635,1067.5,1073.5
18636,1068.8,1073.8
18637,1068.6,1072.6
18638,1066.4,1072.4
18639,1065.8,1069.8
18640,1065.9,1069.9
18641,1065.6,1069.6
18642,1066.5,1070.5
18643,1067.2,1071.2
18644,1067.3,1071.3
18645,1068.2,1072.2
18646,1063.0,1072.0
18647,1063.0,1067.0
18648,1063.0,1067.0
18649,1063.8,1067.8
18650,1063.4,1068.4
18651,1062.9,1066.9
18652,1062.1,1067.1
18653,1061.2,1065.2
18654,1060.6,1064.6
18655,1060.0,1064.0
18656,1060.0,1064.0
18657,1057.3,1064.3
18658,1057.8,1066.8
18659,1061.4,1066.4
18660,1059.6,1064.6
18661,1059.2,1065.2
18662,1061.0,1065.0
18663,1061.5,1065.5
18664,1060.7,1064.7
18665,1061.0,1065.0
18666,1060.1,1074.1
18667,1069.2,1074.2
18668,1068.8,1072.8
18669,1067.5,1072.5
18670,1067.3,1071.3
18671,1067.1,1076.1
18672,1072.5,1076.5
18673,1073.3,1077.3
18674,1073.9,1077.9
18675,1074.5,1078.5
18676,1075.3,1079.3
18677,1075.3,1079.3
18678,1075.3,1079.3
18679,1074.8,1078.8
18680,1074.8,1080.8
18681,1076.1,1081.1
18682,1076.0,1081.0
18683,1077.9,1081.9
18684,1077.9,1081.9
18685,1077.9,1081.9
18686,1077.8,1081.8
18687,1077.9,1081.9
18688,1077.7,1081.7
18689,1076.2,1081.2
18690,1074.9,1079.9
18691,1074.8,1078.8
18692,1074.6,1078.6
18693,1074.6,1078.6
18694,1072.2,1079.2
18695,1069.2,1075.2
18696,1069.2,1074.2
18697,1070.8,1074.8
18698,1070.8,1077.8
18699,1074.0,1078.0
18700,1074.0,1078.0
18701,1074.0,1079.0
18702,1075.2,1080.2
18703,1076.2,1080.2
18704,1075.8,1079.8
18705,1073.8,1079.8
18706,1073.8,1077.8
18707,1074.5,1078.5
18708,1073.8,1082.8
18709,1079.1,1083.1
18710,1079.1,1083.1
18711,1074.8,1082.8
18712,1074.6,1078.6
18713,1073.9,1077.9
18714,1074.4,1078.4
18715,1074.5,1081.5
18716,1077.7,1081.7
18717,1077.2,1081.2
18718,1077.2,1081.2
18719,1078.0,1082.0
18720,1077.9,1081.9
18721,1077.1,1081.1
18722,1077.0,1081.0
18723,1076.0,1081.0
18724,1073.5,1079.5
18725,1073.3,1077.3
18726,1073.1,1077.1
18727,1073.8,1077.8
18728,1073.2,1078.2
18729,1072.5,1078.5
18730,1071.9,1075.9
18731,1072.1,1081.1
18732,1077.6,1081.6
18733,1074.5,1081.5
18734,1074.4,1078.4
18735,1074.3,1078.3
18736,1074.2,1078.2
18737,1073.7,1077.7
18738,1074.0,1082.0
18739,1077.8,1081.8
18740,1077.4,1082.4
18741,1078.8,1082.8
18742,1078.6,1082.6
18743,1078.6,1082.6
18744,1079.0,1083.0
18745,1078.8,1084.8
18746,1081.5,1086.5
18747,1080.5,1086.5
18748,1079.8,1084.8
18749,1078.8,1083.8
18750,1078.6,1082.6
18751,1078.9,1082.9
18752,1078.5,1082.5
18753,1075.5,1082.5
18754,1075.2,1079.2
18755,1074.8,1078.8
18756,1075.0,1079.0
18757,1074.2,1079.2
18758,1073.8,1077.8
18759,1073.8,1078.8
18760,1075.6,1079.6
18761,1075.3,1080.3
18762,1076.5,1080.5
18763,1076.4,1080.4
18764,1076.3,1080.3
18765,1076.3,1080.3
18766,1076.6,1080.6
18767,1074.4,1080.4
18768,1074.3,1079.3
18769,1074.6,1079.6
18770,1074.5,1078.5
18771,1074.3,1078.3
18772,1074.3,1078.3
18773,1074.2,1079.2
18774,1072.8,1077.8
18775,1072.0,1079.0
18776,1074.6,1078.6
18777,1071.6,1078.6
18778,1071.3,1078.3
18779,1074.6,1078.6
18780,1070.8,1078.8
18781,1067.5,1074.5
18782,1067.2,1071.2
18783,1066.6,1070.6
18784,1066.2,1070.2
18785,1066.8,1070.8
18786,1066.2,1070.2
18787,1066.2,1070.2
18788,1067.0,1071.0
18789,1067.0,1071.0
18790,1064.3,1070.3
18791,1063.2,1068.2
18792,1062.7,1066.7
18793,1061.8,1065.8
18794,1060.5,1065.5
18795,1060.2,1064.2
18796,1061.0,1066.0
18797,1062.6,1066.6
18798,1059.6,1066.6
18799,1059.5,1063.5
18800,1059.4,1063.4
18801,1059.5,1063.5
18802,1059.4,1063.4
18803,1059.3,1063.3
18804,1059.3,1063.3
18805,1057.5,1062.5
18806,1055.8,1060.8
18807,1055.1,1059.1
18808,1053.0,1060.0
18809,1053.5,1057.5
18810,1053.4,1057.4
18811,1053.8,1057.8
18812,1054.8,1060.8
18813,1056.0,1060.0
18814,1055.8,1061.8
18815,1058.5,1062.5
18816,1057.8,1062.8
18817,1057.0,1061.0
18818,1057.0,1061.0
18819,1057.4,1061.4
18820,1057.2,1063.2
18821,1057.6,1061.6
18822,1058.2,1062.2
18823,1056.7,1062.7
18824,1056.0,1060.0
18825,1056.8,1062.8
18826,1058.8,1062.8
18827,1058.8,1065.8
18828,1062.0,1066.0
18829,1062.4,1066.4
18830,1062.4,1069.4
18831,1066.2,1070.2
18832,1066.6,1072.6
18833,1069.0,1073.0
18834,1068.4,1072.4
18835,1068.3,1072.3
18836,1068.6,1072.6
18837,1068.8,1073.8
18838,1070.2,1074.2
18839,1070.5,1074.5
18840,1071.1,1075.1
18841,1071.1,1075.1
18842,1071.0,1075.0
18843,1071.5,1075.5
18844,1071.5,1075.5
18845,1071.6,1075.6
18846,1071.6,1077.6
18847,1072.8,1078.8
18848,1073.3,1078.3
18849,1073.0,1077.0
18850,1071.0,1077.0
18851,1070.8,1077.8
18852,1073.6,1077.6
18853,1073.0,1077.0
18854,1072.1,1076.1
18855,1071.1,1076.1
18856,1069.8,1075.8
18857,1070.4,1074.4
18858,1070.8,1074.8
18859,1071.2,1075.2
18860,1071.0,1075.0
18861,1071.0,1075.0
18862,1071.6,1075.6
18863,1071.8,1075.8
18864,1071.8,1075.8
18865,1071.7,1077.7
18866,1074.4,1078.4
18867,1074.2,1078.2
18868,1074.4,1078.4
18869,1074.3,1078.3
18870,1074.0,1079.0
18871,1073.8,1077.8
18872,1073.8,1078.8
18873,1073.1,1079.1
18874,1072.8,1076.8
18875,1072.8,1077.8
18876,1073.0,1078.0
18877,1072.6,1076.6
18878,1072.8,1077.8
18879,1073.9,1077.9
18880,1073.8,1079.8
18881,1076.2,1080.2
18882,1076.2,1080.2
18883,1076.8,1080.8
18884,1076.5,1080.5
18885,1076.5,1083.5
18886,1079.8,1083.8
18887,1079.0,1084.0
18888,1081.0,1085.0
18889,1080.4,1084.4
18890,1080.4,1084.4
18891,1078.8,1083.8
18892,1077.8,1081.8
18893,1072.8,1081.8
18894,1073.2,1081.2
18895,1076.3,1081.3
18896,1075.8,1080.8
18897,1075.3,1081.3
18898,1074.5,1079.5
18899,1074.5,1079.5
18900,1073.5,1078.5
18901,1072.8,1076.8
18902,1073.1,1078.1
18903,1074.3,1078.3
18904,1073.5,1078.5
18905,1075.1,1079.1
18906,1075.6,1082.6
18907,1078.9,1082.9
18908,1078.3,1083.3
18909,1078.0,1083.0
18910,1079.2,1083.2
18911,1079.2,1083.2
18912,1078.8,1083.8
18913,1080.3,1086.3
18914,1082.7,1086.7
18915,1082.7,1086.7
18916,1082.6,1086.6
18917,1082.8,1086.8
18918,1082.4,1086.4
18919,1081.7,1085.7
18920,1081.7,1085.7
18921,1082.6,1086.6
18922,1082.7,1088.7
18923,1084.8,1089.8
18924,1085.9,1091.9
18925,1088.6,1092.6
18926,1089.2,1094.2
18927,1090.4,1094.4
18928,1089.2,1094.2
18929,1085.3,1092.3
18930,1084.3,1089.3
18931,1083.4,1087.4
18932,1083.4,1087.4
18933,1083.2,1087.2
18934,1083.3,1087.3
18935,1083.5,1087.5
18936,1084.2,1088.2
18937,1084.2,1088.2
18938,1084.2,1088.2
18939,1084.2,1088.2
18940,1083.2,1087.2
18941,1084.0,1088.0
18942,1084.5,1088.5
18943,1084.2,1089.2
18944,1083.3,1089.3
18945,1082.7,1086.7
18946,1082.7,1086.7
18947,1081.7,1086.7
18948,1081.7,1085.7
18949,1081.0,1085.0
18950,1081.6,1087.6
18951,1083.8,1087.8
18952,1083.8,1088.8
18953,1084.3,1088.3
18954,1083.8,1088.8
18955,1085.4,1089.4
18956,1085.6,1089.6
18957,1085.6,1089.6
18958,1086.5,1090.5
18959,1085.0,1090.0
18960,1084.4,1088.4
18961,1084.4,1088.4
18962,1083.7,1089.7
18963,1085.8,1089.8
18964,1085.2,1089.2
18965,1082.2,1089.2
18966,1082.1,1088.1
18967,1084.7,1088.7
18968,1084.6,1088.6
18969,1084.6,1088.6
18970,1084.8,1088.8
18971,1084.1,1088.1
18972,1083.0,1088.0
18973,1082.5,1086.5
18974,1082.2,1086.2
18975,1081.0,1086.0
18976,1080.8,1086.8
18977,1083.6,1088.6
18978,1083.5,1088.5
18979,1083.2,1087.2
18980,1077.0,1087.0
18981,1075.5,1080.5
18982,1075.4,1080.4
18983,1076.4,1082.4
18984,1079.0,1084.0
18985,1080.2,1084.2
18986,1080.4,1084.4
18987,1080.4,1084.4
18988,1079.6,1084.6
18989,1078.8,1084.8
18990,1077.7,1082.7
18991,1077.5,1081.5
18992,1077.2,1082.2
18993,1075.7,1080.7
18994,1074.7,1079.7
18995,1074.6,1078.6
18996,1074.5,1078.5
18997,1073.2,1078.2
18998,1073.3,1077.3
18999,1072.8,1076.8
19000,1072.5,1076.5
19001,1073.1,1079.1
19002,1075.0,1079.0
19003,1075.2,1079.2
19004,1074.6,1078.6
19005,1074.7,1078.7
19006,1071.7,1078.7
19007,1071.6,1076.6
19008,1073.0,1077.0
19009,1073.5,1077.5
19010,1073.5,1077.5
19011,1073.6,1078.6
19012,1075.4,1079.4
19013,1074.4,1079.4
19014,1075.8,1079.8
19015,1075.9,1079.9
19016,1075.2,1079.2
19017,1073.2,1079.2
19018,1072.2,1076.2
19019,1072.5,1077.5
19020,1073.5,1078.5
19021,1073.2,1078.2
19022,1073.0,1077.0
19023,1073.4,1078.4
19024,1074.8,1078.8
19025,1074.9,1078.9
19026,1075.1,1079.1
19027,1074.3,1078.3
19028,1074.3,1080.3
19029,1076.0,1081.0
19030,1077.6,1081.6
19031,1077.0,1081.0
19032,1076.9,1080.9
19033,1076.7,1080.7
19034,1076.7,1082.7
19035,1079.6,1084.6
19036,1077.1,1085.1
19037,1077.0,1081.0
19038,1077.0,1081.0
19039,1076.2,1081.2
19040,1075.4,1079.4
19041,1074.4,1079.4
19042,1073.7,1077.7
19043,1073.0,1078.0
19044,1074.3,1078.3
19045,1072.8,1077.8
19046,1072.8,1079.8
19047,1075.2,1080.2
19048,1074.9,1078.9
19049,1074.8,1078.8
19050,1074.4,1078.4
19051,1075.1,1079.1
19052,1075.1,1079.1
19053,1075.0,1079.0
19054,1074.7,1080.7
19055,1077.1,1081.1
19056,1075.8,1080.8
19057,1075.8,1079.8
19058,1075.8,1079.8
19059,1075.7,1079.7
19060,1075.8,1079.8
19061,1076.4,1080.4
19062,1076.3,1080.3
19063,1074.3,1080.3
19064,1074.1,1078.1
19065,1074.2,1078.2
19066,1075.0,1079.0
19067,1074.7,1078.7
19068,1074.5,1078.5
19069,1075.0,1079.0
19070,1075.5,1079.5
19071,1075.1,1079.1
19072,1074.8,1078.8
19073,1075.0,1079.0
19074,1075.7,1087.7
19075,1083.0,1088.0
19076,1084.7,1088.7
19077,1084.6,1088.6
19078,1084.4,1089.4
19079,1085.6,1089.6
19080,1086.2,1090.2
19081,1084.5,1089.5
19082,1084.3,1088.3
19083,1084.9,1089.9
19084,1086.5,1090.5
19085,1086.8,1090.8
19086,1087.0,1091.0
19087,1087.7,1091.7
19088,1085.8,1091.8
19089,1085.3,1089.3
19090,1085.1,1090.1
19091,1084.5,1092.5
19092,1086.6,1090.6
19093,1086.8,1090.8
19094,1085.8,1089.8
19095,1085.3,1089.3
19096,1083.5,1088.5
19097,1082.4,1087.4
19098,1082.1,1087.1
19099,1083.8,1090.8
19100,1087.5,1091.5
19101,1087.6,1091.6
19102,1087.6,1091.6
19103,1086.9,1091.9
19104,1086.2,1090.2
19105,1087.1,1091.1
19106,1087.9,1093.9
19107,1090.8,1094.8
19108,1089.0,1095.0
19109,1088.6,1095.6
19110,1085.2,1095.2
19111,1081.6,1088.6
19112,1081.4,1085.4
19113,1081.6,1085.6
19114,1081.5,1085.5
19115,1080.3,1085.3
19116,1080.1,1084.1
19117,1080.1,1084.1
19118,1080.4,1084.4
19119,1078.6,1083.6
19120,1078.5,1082.5
19121,1075.8,1081.8
19122,1075.2,1080.2
19123,1076.2,1083.2
19124,1079.3,1083.3
19125,1079.4,1083.4
19126,1079.4,1087.4
19127,1084.3,1088.3
19128,1083.5,1087.5
19129,1082.9,1086.9
19130,1082.8,1086.8
19131,1082.2,1086.2
19132,1082.7,1086.7
19133,1083.6,1087.6
19134,1083.3,1088.3
19135,1084.4,1088.4
19136,1085.0,1092.0
19137,1088.8,1095.8
19138,1091.9,1095.9
19139,1091.0,1096.0
19140,1091.0,1095.0
19141,1090.4,1094.4
19142,1089.9,1093.9
19143,1089.9,1093.9
19144,1089.2,1093.2
19145,1088.5,1092.5
19146,1087.8,1097.8
19147,1093.8,1098.8
19148,1094.9,1098.9
19149,1095.1,1099.1
19150,1095.0,1099.0
19151,1094.8,1098.8
19152,1094.3,1099.3
19153,1094.5,1101.5
19154,1097.7,1101.7
19155,1095.6,1101.6
19156,1095.5,1099.5
19157,1095.8,1099.8
19158,1094.8,1099.8
19159,1093.3,1099.3
19160,1090.0,1097.0
19161,1089.5,1093.5
19162,1089.6,1093.6
19163,1087.8,1092.8
19164,1085.2,1091.2
19165,1084.9,1089.9
19166,1086.3,1090.3
19167,1084.4,1090.4
19168,1084.0,1088.0
19169,1083.8,1087.8
19170,1083.6,1088.6
19171,1084.4,1089.4
19172,1084.3,1088.3
19173,1085.2,1089.2
19174,1084.8,1088.8
19175,1084.7,1088.7
19176,1084.4,1088.4
19177,1085.0,1089.0
19178,1084.7,1088.7
19179,1085.0,1089.0
19180,1084.9,1089.9
19181,1084.3,1088.3
19182,1084.3,1088.3
19183,1084.5,1090.5
19184,1086.2,1091.2
19185,1086.1,1093.1
19186,1089.8,1094.8
19187,1091.0,1095.0
19188,1091.2,1095.2
19189,1091.2,1095.2
19190,1090.9,1095.9
19191,1090.7,1096.7
19192,1093.4,1097.4
19193,1093.3,1097.3
19194,1092.0,1097.0
19195,1090.8,1095.8
19196,1090.6,1094.6
19197,1091.0,1095.0
19198,1090.3,1095.3
19199,1091.6,1096.6
19200,1093.1,1097.1
19201,1093.1,1097.1
19202,1093.0,1097.0
19203,1093.6,1097.6
19204,1093.5,1097.5
19205,1093.5,1097.5
19206,1093.6,1097.6
19207,1091.2,1097.2
19208,1090.8,1094.8
19209,1091.2,1095.2
19210,1091.3,1096.3
19211,1092.3,1096.3
19212,1092.3,1096.3
19213,1092.0,1097.0
19214,1091.2,1095.2
19215,1090.7,1094.7
19216,1090.6,1094.6
19217,1089.8,1095.8
19218,1092.5,1096.5
19219,1092.3,1096.3
19220,1092.6,1096.6
19221,1092.9,1097.9
19222,1094.0,1098.0
19223,1094.7,1099.7
19224,1096.2,1100.2
19225,1096.2,1102.2
19226,1098.2,1102.2
19227,1098.0,1103.0
19228,1099.4,1103.4
19229,1100.1,1104.1
19230,1100.8,1104.8
19231,1101.2,1105.2
19232,1101.5,1105.5
19233,1101.5,1105.5
19234,1102.2,1106.2
19235,1102.2,1108.2
19236,1104.2,1108.2
19237,1104.2,1108.2
19238,1104.5,1108.5
19239,1104.4,1108.4
19240,1103.8,1107.8
19241,1103.3,1107.3
19242,1103.0,1107.0
19243,1103.4,1107.4
19244,1103.8,1107.8
19245,1102.4,1108.4
19246,1100.9,1105.9
19247,1100.6,1104.6
19248,1100.7,1104.7
19249,1100.3,1104.3
19250,1100.5,1104.5
19251,1100.3,1104.3
19252,1098.3,1104.3
19253,1097.2,1102.2
19254,1096.2,1101.2
19255,1094.7,1100.7
19256,1095.2,1099.2
19257,1095.2,1099.2
19258,1094.6,1098.6
19259,1094.2,1098.2
19260,1093.8,1097.8
19261,1094.4,1099.4
19262,1094.5,1099.5
19263,1094.0,1098.0
19264,1094.3,1098.3
19265,1094.6,1098.6
19266,1093.6,1098.6
19267,1093.3,1097.3
19268,1093.5,1097.5
19269,1091.4,1098.4
19270,1091.6,1098.6
19271,1094.8,1098.8
19272,1093.9,1097.9
19273,1094.5,1102.5
19274,1098.2,1102.2
19275,1098.8,1102.8
19276,1098.8,1102.8
19277,1097.9,1101.9
19278,1098.5,1102.5
19279,1099.2,1103.2
19280,1099.2,1103.2
19281,1099.0,1103.0
19282,1098.2,1103.2
19283,1096.3,1101.3
19284,1095.3,1100.3
19285,1091.6,1099.6
19286,1091.0,1096.0
19287,1091.1,1096.1
19288,1091.1,1095.1
19289,1090.4,1094.4
19290,1089.5,1093.5
19291,1084.0,1093.0
19292,1083.6,1087.6
19293,1083.4,1087.4
19294,1082.3,1087.3
19295,1082.3,1086.3
19296,1082.2,1087.2
19297,1082.5,1087.5
19298,1082.3,1086.3
19299,1082.5,1086.5
19300,1081.2,1086.2
19301,1081.2,1085.2
19302,1080.8,1085.8
19303,1082.5,1086.5
19304,1082.5,1086.5
19305,1083.4,1087.4
19306,1083.6,1087.6
19307,1083.6,1087.6
19308,1084.0,1088.0
19309,1083.8,1087.8
19310,1084.2,1088.2
19311,1084.1,1088.1
19312,1082.6,1089.6
19313,1083.8,1087.8
19314,1083.5,1087.5
19315,1083.5,1087.5
19316,1083.4,1089.4
19317,1086.1,1090.1
19318,1085.3,1090.3
19319,1084.4,1088.4
19320,1085.0,1089.0
19321,1084.6,1089.6
19322,1084.0,1088.0
19323,1084.3,1090.3
19324,1086.2,1090.2
19325,1086.2,1090.2
19326,1085.4,1089.4
19327,1085.0,1090.0
19328,1086.2,1090.2
19329,1086.1,1090.1
19330,1085.8,1089.8
19331,1081.8,1090.8
19332,1082.1,1086.1
19333,1082.2,1086.2
19334,1082.8,1087.8
19335,1083.8,1088.8
19336,1084.9,1088.9
19337,1084.9,1088.9
19338,1084.9,1088.9
19339,1085.0,1089.0
19340,1085.0,1089.0
19341,1082.8,1088.8
19342,1082.4,1086.4
19343,1078.0,1087.0
19344,1077.5,1082.5
19345,1079.4,1083.4
19346,1079.5,1083.5
19347,1079.3,1084.3
19348,1078.8,1082.8
19349,1075.8,1082.8
19350,1075.6,1079.6
19351,1074.9,1078.9
19352,1075.6,1079.6
19353,1075.4,1079.4
19354,1073.7,1079.7
19355,1073.2,1077.2
19356,1074.0,1080.0
19357,1076.4,1080.4
19358,1075.4,1080.4
19359,1075.2,1079.2
19360,1073.4,1078.4
19361,1073.2,1077.2
19362,1072.8,1076.8
19363,1072.5,1076.5
19364,1072.8,1076.8
19365,1073.0,1077.0
19366,1073.0,1077.0
19367,1073.7,1077.7
19368,1071.4,1077.4
19369,1070.7,1075.7
19370,1070.4,1074.4
19371,1070.9,1074.9
19372,1071.0,1075.0
19373,1070.7,1075.7
19374,1068.8,1074.8
19375,1068.5,1072.5
19376,1067.4,1073.4
19377,1066.7,1070.7
19378,1066.6,1074.6
19379,1071.2,1075.2
19380,1070.6,1074.6
19381,1070.6,1075.6
19382,1072.0,1076.0
19383,1072.0,1078.0
19384,1074.2,1078.2
19385,1074.2,1080.2
19386,1076.3,1080.3
19387,1075.8,1079.8
19388,1075.8,1079.8
19389,1076.2,1080.2
19390,1074.2,1080.2
19391,1074.8,1078.8
19392,1073.8,1078.8
19393,1075.3,1079.3
19394,1075.7,1079.7
19395,1075.5,1081.5
19396,1077.4,1081.4
19397,1076.8,1080.8
19398,1076.3,1081.3
19399,1077.0,1081.0
19400,1076.0,1081.0
19401,1075.8,1079.8
19402,1075.0,1079.0
19403,1074.3,1079.3
19404,1073.8,1079.8
19405,1074.2,1080.2
19406,1073.0,1078.0
19407,1072.8,1076.8
19408,1073.6,1077.6
19409,1074.0,1078.0
19410,1074.0,1079.0
19411,1075.2,1079.2
19412,1075.2,1079.2
19413,1075.2,1079.2
19414,1074.7,1078.7
19415,1074.7,1079.7
19416,1076.0,1087.0
19417,1083.1,1090.1
19418,1084.6,1091.6
19419,1085.6,1090.6
19420,1087.0,1093.0
19421,1089.5,1093.5
19422,1087.6,1093.6
19423,1086.0,1091.0
19424,1084.5,1089.5
19425,1083.8,1087.8
19426,1083.8,1087.8
19427,1083.4,1087.4
19428,1083.2,1087.2
19429,1082.3,1087.3
19430,1082.6,1086.6
19431,1082.0,1087.0
19432,1081.4,1085.4
19433,1081.0,1085.0
19434,1077.3,1085.3
19435,1076.8,1080.8
19436,1075.2,1080.2
19437,1075.1,1081.1
19438,1076.3,1081.3
19439,1075.2,1080.2
19440,1074.6,1079.6
19441,1075.4,1079.4
19442,1073.7,1078.7
19443,1073.5,1077.5
19444,1073.5,1077.5
19445,1073.8,1077.8
19446,1072.8,1077.8
19447,1073.0,1077.0
19448,1072.8,1076.8
19449,1072.8,1077.8
19450,1073.5,1078.5
19451,1072.4,1077.4
19452,1072.2,1076.2
19453,1072.2,1076.2
19454,1070.2,1076.2
19455,1069.8,1073.8
19456,1069.8,1073.8
19457,1057.2,1074.2
19458,1056.8,1060.8
19459,1053.3,1060.3
19460,1052.4,1056.4
19461,1052.0,1057.0
19462,1051.5,1055.5
19463,1051.8,1055.8
19464,1051.5,1055.5
19465,1051.2,1055.2
19466,1048.2,1055.2
19467,1047.7,1051.7
19468,1045.7,1051.7
19469,1045.5,1049.5
19470,1044.0,1049.0
19471,1041.5,1047.5
19472,1040.6,1044.6
19473,1040.4,1045.4
19474,1040.4,1045.4
19475,1037.0,1044.0
19476,1035.7,1040.7
19477,1034.7,1039.7
19478,1034.4,1038.4
19479,1034.3,1038.3
19480,1034.2,1038.2
19481,1033.1,1038.1
19482,1032.5,1037.5
19483,1033.4,1037.4
19484,1033.2,1037.2
19485,1030.6,1036.6
19486,1030.1,1034.1
19487,1030.1,1034.1
19488,1030.1,1034.1
19489,1029.6,1033.6
19490,1026.6,1033.6
19491,1024.9,1030.9
19492,1025.7,1030.7
19493,1025.0,1029.0
19494,1025.0,1029.0
19495,1024.7,1028.7
19496,1025.3,1029.3
19497,1021.9,1029.9
19498,1021.6,1025.6
19499,1021.8,1026.8
19500,1023.3,1027.3
19501,1020.8,1026.8
19502,1020.8,1024.8
19503,1021.0,1025.0
19504,1021.0,1025.0
19505,1021.2,1026.2
19506,1022.4,1026.4
19507,1022.6,1026.6
19508,1023.3,1028.3
19509,1024.2,1029.2
19510,1023.8,1027.8
19511,1023.2,1028.2
19512,1022.8,1026.8
19513,1022.8,1026.8
19514,1021.5,1026.5
19515,1022.3,1031.3
19516,1027.7,1031.7
19517,1026.2,1031.2
19518,1025.7,1029.7
19519,1026.0,1030.0
19520,1026.0,1030.0
19521,1026.0,1030.0
19522,1026.0,1030.0
19523,1025.6,1029.6
19524,1025.5,1029.5
19525,1025.5,1030.5
19526,1026.5,1030.5
19527,1024.4,1031.4
19528,1025.4,1029.4
19529,1024.7,1029.7
19530,1026.6,1030.6
19531,1025.5,1031.5
19532,1023.2,1030.2
19533,1023.5,1027.5
19534,1023.5,1027.5
19535,1023.7,1027.7
19536,1024.4,1028.4
19537,1024.4,1028.4
19538,1023.7,1027.7
19539,1023.8,1027.8
19540,1023.0,1027.0
19541,1023.0,1027.0
19542,1022.3,1026.3
19543,1021.9,1026.9
19544,1020.8,1025.8
19545,1020.4,1024.4
19546,1020.4,1025.4
19547,1021.8,1025.8
19548,1021.5,1025.5
19549,1021.6,1025.6
19550,1021.5,1025.5
19551,1018.6,1024.6
19552,1018.5,1022.5
19553,1016.4,1023.4
19554,1017.4,1021.4
19555,1016.6,1020.6
19556,1016.6,1020.6
19557,1016.5,1020.5
19558,1016.0,1020.0
19559,1015.9,1019.9
19560,1015.4,1019.4
19561,1006.4,1019.4
19562,1005.9,1009.9
19563,1005.4,1010.4
19564,1007.0,1014.0
19565,1010.0,1014.0
19566,1009.8,1013.8
19567,1007.3,1013.3
19568,1002.4,1010.4
19569,1002.2,1006.2
19570,1001.7,1005.7
19571,1002.6,1006.6
19572,1002.6,1006.6
19573,1002.4,1006.4
19574,1002.4,1007.4
19575,1002.8,1006.8
19576,1002.4,1007.4
19577,1001.8,1006.8
19578,1000.6,1005.6
19579,999.6,1004.6
19580,999.5,1003.5
19581,999.5,1003.5
19582,999.6,1003.6
19583,999.8,1003.8
19584,999.8,1005.8
19585,1001.4,1006.4
19586,1002.7,1006.7
19587,1003.4,1009.4
19588,1005.4,1009.4
19589,1005.9,1009.9
19590,1003.5,1009.5
19591,1004.0,1008.0
19592,1005.0,1009.0
19593,1004.9,1009.9
19594,1006.0,1010.0
19595,1006.2,1010.2
19596,1005.4,1010.4
19597,1004.9,1012.9
19598,1009.0,1014.0
19599,1009.6,1014.6
19600,1008.9,1013.9
19601,1010.0,1014.0
19602,1009.8,1013.8
19603,1010.6,1014.6
19604,1008.2,1014.2
19605,1007.2,1012.2
19606,1005.6,1010.6
19607,998.6,1009.6
19608,998.3,1002.3
19609,998.0,1002.0
19610,997.5,1001.5
19611,997.2,1002.2
19612,996.8,1000.8
19613,996.9,1000.9
19614,996.9,1001.9
19615,998.1,1002.1
19616,998.1,1002.1
19617,998.4,1002.4
19618,994.2,1002.2
19619,992.8,997.8
19620,992.8,996.8
19621,992.8,996.8
19622,993.2,998.2
19623,994.7,999.7
19624,996.0,1000.0
19625,996.1,1000.1
19626,996.4,1000.4
19627,996.4,1003.4
19628,999.6,1003.6
19629,999.4,1004.4
19630,999.2,1003.2
19631,998.8,1008.8
19632,1005.0,1009.0
19633,1005.1,1010.1
19634,1006.3,1011.3
19635,1008.1,1012.1
19636,1008.0,1014.0
19637,1010.5,1014.5
19638,1010.4,1014.4
19639,1010.2,1014.2
19640,1010.4,1015.4
19641,1009.6,1015.6
19642,1008.7,1012.7
19643,1008.7,1012.7
19644,1007.8,1011.8
19645,1008.4,1012.4
19646,1008.5,1012.5
19647,1008.5,1012.5
19648,1008.2,1012.2
19649,1009.0,1013.0
19650,1009.6,1014.6
19651,1010.8,1014.8
19652,1010.4,1014.4
19653,1010.5,1015.5
19654,1010.2,1018.2
19655,1013.5,1017.5
19656,1013.2,1017.2
19657,1009.7,1017.7
19658,1009.5,1013.5
19659,1006.8,1014.8
19660,1008.5,1014.5
19661,1008.2,1015.2
19662,1007.2,1011.2
19663,1007.0,1011.0
19664,1007.3,1012.3
19665,1008.3,1012.3
19666,1008.4,1012.4
19667,1005.4,1012.4
19668,1005.2,1009.2
19669,1006.0,1014.0
19670,1010.3,1014.3
19671,1010.1,1014.1
19672,1009.4,1014.4
19673,1009.0,1013.0
19674,1007.0,1012.0
19675,1007.0,1011.0
19676,1007.0,1011.0
19677,1007.8,1011.8
19678,1005.8,1011.8
19679,1004.8,1009.8
19680,1004.7,1008.7
19681,1004.6,1008.6
19682,1005.2,1010.2
19683,1001.3,1010.3
19684,999.8,1004.8
19685,996.6,1003.6
19686,996.1,1000.1
19687,996.0,1000.0
19688,996.8,1000.8
19689,996.3,1001.3
19690,995.8,1001.8
19691,996.9,1001.9
19692,996.8,1000.8
19693,996.5,1000.5
19694,996.5,1000.5
19695,996.2,1000.2
19696,996.5,1001.5
19697,997.5,1001.5
19698,997.8,1001.8
19699,998.7,1002.7
19700,999.2,1003.2
19701,997.0,1003.0
19702,996.7,1001.7
19703,994.5,1002.5
19704,992.2,998.2
19705,992.3,996.3
19706,992.4,997.4
19707,993.2,998.2
19708,992.4,998.4
19709,994.8,998.8
19710,994.0,998.0
19711,994.2,1001.2
19712,997.1,1002.1
19713,996.6,1000.6
19714,997.5,1001.5
19715,996.5,1001.5
19716,993.8,999.8
19717,992.0,998.0
19718,993.2,998.2
19719,994.6,998.6
19720,994.6,998.6
19721,993.0,999.0
19722,993.4,997.4
19723,993.4,998.4
19724,991.0,999.0
19725,990.4,994.4
19726,988.0,994.0
19727,987.6,992.6
19728,989.4,993.4
19729,989.4,993.4
19730,990.2,994.2
19731,990.3,994.3
19732,990.3,994.3
19733,989.9,993.9
19734,989.4,993.4
19735,989.5,993.5
19736,989.0,994.0
19737,988.2,993.2
19738,987.2,993.2
19739,984.9,990.9
19740,984.8,989.8
19741,978.2,990.2
19742,977.3,981.3
19743,977.4,981.4
19744,977.4,981.4
19745,977.8,988.8
19746,984.2,989.2
19747,983.9,987.9
19748,983.2,987.2
19749,983.2,987.2
19750,982.5,987.5
19751,982.0,987.0
19752,976.2,985.2
19753,976.2,980.2
19754,976.4,981.4
19755,977.8,981.8
19756,977.2,982.2
19757,977.2,981.2
19758,977.1,981.1
19759,976.2,980.2
19760,976.2,980.2
19761,975.0,980.0
19762,974.5,978.5
19763,974.5,978.5
19764,975.4,979.4
19765,975.5,979.5
19766,973.5,979.5
19767,973.4,977.4
19768,972.7,976.7
19769,972.7,976.7
19770,972.2,976.2
19771,970.6,976.6
19772,970.5,974.5
19773,970.9,974.9
19774,970.0,974.0
19775,968.0,974.0
19776,967.4,971.4
19777,967.1,971.1
19778,966.4,971.4
19779,966.2,970.2
19780,966.2,970.2
19781,966.9,970.9
19782,966.8,970.8
19783,966.5,972.5
19784,968.8,972.8
19785,968.8,972.8
19786,968.8,972.8
19787,968.0,972.0
19788,968.0,972.0
19789,968.4,972.4
19790,968.4,972.4
19791,968.8,972.8
19792,969.1,973.1
19793,968.4,972.4
19794,968.8,972.8
19795,966.2,972.2
19796,965.4,970.4
19797,967.0,971.0
19798,967.0,971.0
19799,966.7,970.7
19800,967.5,971.5
19801,967.2,973.2
19802,968.2,972.2
19803,967.8,972.8
19804,967.4,971.4
19805,967.8,971.8
19806,965.9,970.9
19807,963.8,969.8
19808,963.0,968.0
19809,963.8,967.8
19810,964.0,968.0
19811,964.0,968.0
19812,963.9,967.9
19813,963.0,967.0
19814,961.0,967.0
19815,961.0,965.0
19816,960.8,964.8
19817,959.8,964.8
19818,958.3,963.3
19819,958.8,962.8
19820,959.7,963.7
19821,959.7,963.7
19822,957.7,963.7
19823,957.4,962.4
19824,958.7,962.7
19825,959.6,965.6
19826,961.8,965.8
19827,961.8,965.8
19828,961.8,965.8
19829,961.2,965.2
19830,960.5,964.5
19831,960.6,964.6
19832,959.6,964.6
19833,957.6,965.6
19834,958.9,963.9
19835,960.6,965.6
19836,960.9,965.9
19837,960.2,964.2
19838,960.1,967.1
19839,962.8,968.8
19840,963.9,968.9
19841,965.2,969.2
19842,965.2,969.2
19843,965.5,972.5
19844,968.8,974.8
19845,971.0,975.0
19846,971.6,975.6
19847,972.1,976.1
19848,971.9,976.9
19849,972.7,978.7
19850,973.8,977.8
19851,971.8,976.8
19852,971.3,975.3
19853,971.0,975.0
19854,971.4,975.4
19855,971.4,975.4
19856,969.5,975.5
19857,969.0,974.0
19858,968.5,972.5
19859,967.1,973.1
19860,967.0,971.0
19861,966.8,970.8
19862,966.5,970.5
19863,966.2,970.2
19864,966.2,971.2
19865,967.4,971.4
19866,964.8,970.8
19867,964.8,968.8
19868,964.4,968.4
19869,964.1,968.1
19870,965.0,970.0
19871,966.8,972.8
19872,966.5,973.5
19873,966.2,970.2
19874,966.0,971.0
19875,967.4,971.4
19876,966.9,970.9
19877,963.1,970.1
19878,963.0,967.0
19879,963.8,967.8
19880,963.2,967.2
19881,962.7,966.7
19882,962.7,966.7
19883,962.8,967.8
19884,963.8,967.8
19885,963.5,967.5
19886,964.0,968.0
19887,964.0,968.0
19888,963.2,967.2
19889,963.5,967.5
19890,963.6,968.6
19891,963.0,969.0
19892,963.0,967.0
19893,961.8,966.8
19894,961.4,965.4
19895,961.4,965.4
19896,960.5,964.5
19897,960.5,965.5
19898,961.8,965.8
19899,961.4,965.4
19900,961.4,965.4
19901,961.4,965.4
19902,960.8,965.8
19903,962.3,966.3
19904,962.6,966.6
19905,962.2,966.2
19906,962.1,970.1
19907,966.9,970.9
19908,966.9,970.9
19909,965.8,970.8
19910,965.4,969.4
19911,966.2,970.2
19912,966.2,970.2
19913,966.8,970.8
19914,966.9,970.9
19915,966.9,974.9
19916,971.5,975.5
19917,970.4,975.4
19918,967.9,973.9
19919,967.2,971.2
19920,967.2,972.2
19921,968.8,972.8
19922,969.2,974.2
19923,971.0,975.0
19924,971.2,975.2
19925,971.3,975.3
19926,971.0,975.0
19927,970.5,974.5
19928,970.5,974.5
19929,971.1,975.1
19930,971.1,975.1
19931,971.1,975.1
19932,972.0,976.0
19933,972.0,976.0
19934,972.6,976.6
19935,973.4,977.4
19936,973.4,977.4
19937,973.3,977.3
19938,973.4,977.4
19939,973.5,979.5
19940,976.2,980.2
19941,973.3,980.3
19942,972.4,976.4
19943,972.4,976.4
19944,972.7,976.7
19945,972.8,979.8
19946,974.8,980.8
19947,975.1,981.1
19948,977.8,981.8
19949,977.4,981.4
19950,977.4,983.4
19951,978.2,984.2
19952,978.2,985.2
19953,981.4,985.4
19954,981.3,986.3
19955,981.0,985.0
19956,981.2,985.2
19957,981.8,985.8
19958,981.6,985.6
19959,981.5,986.5
19960,982.8,988.8
19961,983.4,989.4
19962,984.4,988.4
19963,984.2,989.2
19964,985.3,989.3
19965,984.5,990.5
19966,987.2,993.2
19967,989.3,993.3
19968,989.8,993.8
19969,989.9,993.9
19970,989.9,993.9
19971,990.0,994.0
19972,990.0,994.0
19973,989.7,994.7
19974,990.2,995.2
19975,989.6,993.6
19976,990.4,994.4
19977,990.0,995.0
19978,988.2,994.2
19979,989.0,994.0
19980,990.4,996.4
19981,992.0,996.0
19982,992.0,996.0
19983,992.0,996.0
19984,992.2,997.2
19985,993.2,999.2
19986,996.0,1000.0
19987,995.8,999.8
19988,996.0,1000.0
19989,995.1,1000.1
19990,995.0,1000.0
19991,996.1,1000.1
19992,996.8,1000.8
19993,995.2,1000.2
19994,994.5,999.5
19995,996.2,1000.2
19996,995.4,999.4
19997,996.2,1000.2
19998,994.5,999.5
19999,993.4,998.4
